2000
981 2
961 2
941 2
921 2
901 2
881 2
861 2
841 2
821 2
801 2
781 2
761 2
741 2
721 2
701 2
681 2
661 2
641 2
621 2
601 2
982 2
962 2
942 2
922 2
902 2
882 2
862 2
842 2
822 2
802 2
782 2
762 2
742 2
722 2
702 2
682 2
662 2
642 2
622 2
602 2
983 2
963 2
943 2
923 2
903 2
883 2
863 2
843 2
823 2
803 2
783 2
763 2
743 2
723 2
703 2
683 2
663 2
643 2
623 2
603 2
984 2
964 2
944 2
924 2
904 2
884 2
864 2
844 2
824 2
804 2
784 2
764 2
744 2
724 2
704 2
684 2
664 2
644 2
624 2
604 2
985 2
965 2
945 2
925 2
905 2
885 2
865 2
845 2
825 2
805 2
785 2
765 2
745 2
725 2
705 2
685 2
665 2
645 2
625 2
605 2
986 2
966 2
946 2
926 2
906 2
886 2
866 2
846 2
826 2
806 2
786 2
766 2
746 2
726 2
706 2
686 2
666 2
646 2
626 2
606 2
987 2
967 2
947 2
927 2
907 2
887 2
867 2
847 2
827 2
807 2
787 2
767 2
747 2
727 2
707 2
687 2
667 2
647 2
627 2
607 2
988 2
968 2
948 2
928 2
908 2
888 2
868 2
848 2
828 2
808 2
788 2
768 2
748 2
728 2
708 2
688 2
668 2
648 2
628 2
608 2
989 2
969 2
949 2
929 2
909 2
889 2
869 2
849 2
829 2
809 2
789 2
769 2
749 2
729 2
709 2
689 2
669 2
649 2
629 2
609 2
990 2
970 2
950 2
930 2
910 2
890 2
870 2
850 2
830 2
810 2
790 2
770 2
750 2
730 2
710 2
690 2
670 2
650 2
630 2
610 2
991 2
971 2
951 2
931 2
911 2
891 2
871 2
851 2
831 2
811 2
791 2
771 2
751 2
731 2
711 2
691 2
671 2
651 2
631 2
611 2
992 2
972 2
952 2
932 2
912 2
892 2
872 2
852 2
832 2
812 2
792 2
772 2
752 2
732 2
712 2
692 2
672 2
652 2
632 2
612 2
993 2
973 2
953 2
933 2
913 2
893 2
873 2
853 2
833 2
813 2
793 2
773 2
753 2
733 2
713 2
693 2
673 2
653 2
633 2
613 2
994 2
974 2
954 2
934 2
914 2
894 2
874 2
854 2
834 2
814 2
794 2
774 2
754 2
734 2
714 2
694 2
674 2
654 2
634 2
614 2
995 2
975 2
955 2
935 2
915 2
895 2
875 2
855 2
835 2
815 2
795 2
775 2
755 2
735 2
715 2
695 2
675 2
655 2
635 2
615 2
996 2
976 2
956 2
936 2
916 2
896 2
876 2
856 2
836 2
816 2
796 2
776 2
756 2
736 2
716 2
696 2
676 2
656 2
636 2
616 2
997 2
977 2
957 2
937 2
917 2
897 2
877 2
857 2
837 2
817 2
797 2
777 2
757 2
737 2
717 2
697 2
677 2
657 2
637 2
617 2
998 2
978 2
958 2
938 2
918 2
898 2
878 2
858 2
838 2
818 2
798 2
778 2
758 2
738 2
718 2
698 2
678 2
658 2
638 2
618 2
999 2
979 2
959 2
939 2
919 2
899 2
879 2
859 2
839 2
819 2
799 2
779 2
759 2
739 2
719 2
699 2
679 2
659 2
639 2
619 2
1000 2
980 2
960 2
940 2
920 2
900 2
880 2
860 2
840 2
820 2
800 2
780 2
760 2
740 2
720 2
700 2
680 2
660 2
640 2
620 2
26981 2
26961 2
26941 2
26921 2
26901 2
26881 2
26861 2
26841 2
26821 2
26801 2
26781 2
26761 2
26741 2
26721 2
26701 2
26681 2
26661 2
26641 2
26621 2
26601 2
26982 2
26962 2
26942 2
26922 2
26902 2
26882 2
26862 2
26842 2
26822 2
26802 2
26782 2
26762 2
26742 2
26722 2
26702 2
26682 2
26662 2
26642 2
26622 2
26602 2
26983 2
26963 2
26943 2
26923 2
26903 2
26883 2
26863 2
26843 2
26823 2
26803 2
26783 2
26763 2
26743 2
26723 2
26703 2
26683 2
26663 2
26643 2
26623 2
26603 2
26984 2
26964 2
26944 2
26924 2
26904 2
26884 2
26864 2
26844 2
26824 2
26804 2
26784 2
26764 2
26744 2
26724 2
26704 2
26684 2
26664 2
26644 2
26624 2
26604 2
26985 2
26965 2
26945 2
26925 2
26905 2
26885 2
26865 2
26845 2
26825 2
26805 2
26785 2
26765 2
26745 2
26725 2
26705 2
26685 2
26665 2
26645 2
26625 2
26605 2
26986 2
26966 2
26946 2
26926 2
26906 2
26886 2
26866 2
26846 2
26826 2
26806 2
26786 2
26766 2
26746 2
26726 2
26706 2
26686 2
26666 2
26646 2
26626 2
26606 2
26987 2
26967 2
26947 2
26927 2
26907 2
26887 2
26867 2
26847 2
26827 2
26807 2
26787 2
26767 2
26747 2
26727 2
26707 2
26687 2
26667 2
26647 2
26627 2
26607 2
26988 2
26968 2
26948 2
26928 2
26908 2
26888 2
26868 2
26848 2
26828 2
26808 2
26788 2
26768 2
26748 2
26728 2
26708 2
26688 2
26668 2
26648 2
26628 2
26608 2
26989 2
26969 2
26949 2
26929 2
26909 2
26889 2
26869 2
26849 2
26829 2
26809 2
26789 2
26769 2
26749 2
26729 2
26709 2
26689 2
26669 2
26649 2
26629 2
26609 2
26990 2
26970 2
26950 2
26930 2
26910 2
26890 2
26870 2
26850 2
26830 2
26810 2
26790 2
26770 2
26750 2
26730 2
26710 2
26690 2
26670 2
26650 2
26630 2
26610 2
26991 2
26971 2
26951 2
26931 2
26911 2
26891 2
26871 2
26851 2
26831 2
26811 2
26791 2
26771 2
26751 2
26731 2
26711 2
26691 2
26671 2
26651 2
26631 2
26611 2
26992 2
26972 2
26952 2
26932 2
26912 2
26892 2
26872 2
26852 2
26832 2
26812 2
26792 2
26772 2
26752 2
26732 2
26712 2
26692 2
26672 2
26652 2
26632 2
26612 2
26993 2
26973 2
26953 2
26933 2
26913 2
26893 2
26873 2
26853 2
26833 2
26813 2
26793 2
26773 2
26753 2
26733 2
26713 2
26693 2
26673 2
26653 2
26633 2
26613 2
26994 2
26974 2
26954 2
26934 2
26914 2
26894 2
26874 2
26854 2
26834 2
26814 2
26794 2
26774 2
26754 2
26734 2
26714 2
26694 2
26674 2
26654 2
26634 2
26614 2
26995 2
26975 2
26955 2
26935 2
26915 2
26895 2
26875 2
26855 2
26835 2
26815 2
26795 2
26775 2
26755 2
26735 2
26715 2
26695 2
26675 2
26655 2
26635 2
26615 2
26996 2
26976 2
26956 2
26936 2
26916 2
26896 2
26876 2
26856 2
26836 2
26816 2
26796 2
26776 2
26756 2
26736 2
26716 2
26696 2
26676 2
26656 2
26636 2
26616 2
26997 2
26977 2
26957 2
26937 2
26917 2
26897 2
26877 2
26857 2
26837 2
26817 2
26797 2
26777 2
26757 2
26737 2
26717 2
26697 2
26677 2
26657 2
26637 2
26617 2
26998 2
26978 2
26958 2
26938 2
26918 2
26898 2
26878 2
26858 2
26838 2
26818 2
26798 2
26778 2
26758 2
26738 2
26718 2
26698 2
26678 2
26658 2
26638 2
26618 2
26999 2
26979 2
26959 2
26939 2
26919 2
26899 2
26879 2
26859 2
26839 2
26819 2
26799 2
26779 2
26759 2
26739 2
26719 2
26699 2
26679 2
26659 2
26639 2
26619 2
27000 2
26980 2
26960 2
26940 2
26920 2
26900 2
26880 2
26860 2
26840 2
26820 2
26800 2
26780 2
26760 2
26740 2
26720 2
26700 2
26680 2
26660 2
26640 2
26620 2
401 5
411 5
421 5
431 5
441 5
451 5
461 5
471 5
481 5
491 5
501 5
511 5
521 5
531 5
541 5
551 5
561 5
571 5
581 5
591 5
402 5
412 5
422 5
432 5
442 5
452 5
462 5
472 5
482 5
492 5
502 5
512 5
522 5
532 5
542 5
552 5
562 5
572 5
582 5
592 5
403 5
413 5
423 5
433 5
443 5
453 5
463 5
473 5
483 5
493 5
503 5
513 5
523 5
533 5
543 5
553 5
563 5
573 5
583 5
593 5
404 5
414 5
424 5
434 5
444 5
454 5
464 5
474 5
484 5
494 5
504 5
514 5
524 5
534 5
544 5
554 5
564 5
574 5
584 5
594 5
405 5
415 5
425 5
435 5
445 5
455 5
465 5
475 5
485 5
495 5
505 5
515 5
525 5
535 5
545 5
555 5
565 5
575 5
585 5
595 5
406 5
416 5
426 5
436 5
446 5
456 5
466 5
476 5
486 5
496 5
506 5
516 5
526 5
536 5
546 5
556 5
566 5
576 5
586 5
596 5
407 5
417 5
427 5
437 5
447 5
457 5
467 5
477 5
487 5
497 5
507 5
517 5
527 5
537 5
547 5
557 5
567 5
577 5
587 5
597 5
408 5
418 5
428 5
438 5
448 5
458 5
468 5
478 5
488 5
498 5
508 5
518 5
528 5
538 5
548 5
558 5
568 5
578 5
588 5
598 5
409 5
419 5
429 5
439 5
449 5
459 5
469 5
479 5
489 5
499 5
509 5
519 5
529 5
539 5
549 5
559 5
569 5
579 5
589 5
599 5
410 5
420 5
430 5
440 5
450 5
460 5
470 5
480 5
490 5
500 5
510 5
520 5
530 5
540 5
550 5
560 5
570 5
580 5
590 5
600 5
26401 5
26411 5
26421 5
26431 5
26441 5
26451 5
26461 5
26471 5
26481 5
26491 5
26501 5
26511 5
26521 5
26531 5
26541 5
26551 5
26561 5
26571 5
26581 5
26591 5
26402 5
26412 5
26422 5
26432 5
26442 5
26452 5
26462 5
26472 5
26482 5
26492 5
26502 5
26512 5
26522 5
26532 5
26542 5
26552 5
26562 5
26572 5
26582 5
26592 5
26403 5
26413 5
26423 5
26433 5
26443 5
26453 5
26463 5
26473 5
26483 5
26493 5
26503 5
26513 5
26523 5
26533 5
26543 5
26553 5
26563 5
26573 5
26583 5
26593 5
26404 5
26414 5
26424 5
26434 5
26444 5
26454 5
26464 5
26474 5
26484 5
26494 5
26504 5
26514 5
26524 5
26534 5
26544 5
26554 5
26564 5
26574 5
26584 5
26594 5
26405 5
26415 5
26425 5
26435 5
26445 5
26455 5
26465 5
26475 5
26485 5
26495 5
26505 5
26515 5
26525 5
26535 5
26545 5
26555 5
26565 5
26575 5
26585 5
26595 5
26406 5
26416 5
26426 5
26436 5
26446 5
26456 5
26466 5
26476 5
26486 5
26496 5
26506 5
26516 5
26526 5
26536 5
26546 5
26556 5
26566 5
26576 5
26586 5
26596 5
26407 5
26417 5
26427 5
26437 5
26447 5
26457 5
26467 5
26477 5
26487 5
26497 5
26507 5
26517 5
26527 5
26537 5
26547 5
26557 5
26567 5
26577 5
26587 5
26597 5
26408 5
26418 5
26428 5
26438 5
26448 5
26458 5
26468 5
26478 5
26488 5
26498 5
26508 5
26518 5
26528 5
26538 5
26548 5
26558 5
26568 5
26578 5
26588 5
26598 5
26409 5
26419 5
26429 5
26439 5
26449 5
26459 5
26469 5
26479 5
26489 5
26499 5
26509 5
26519 5
26529 5
26539 5
26549 5
26559 5
26569 5
26579 5
26589 5
26599 5
26410 5
26420 5
26430 5
26440 5
26450 5
26460 5
26470 5
26480 5
26490 5
26500 5
26510 5
26520 5
26530 5
26540 5
26550 5
26560 5
26570 5
26580 5
26590 5
26600 5
381 5
382 5
383 5
384 5
385 5
386 5
387 5
388 5
389 5
390 5
391 5
392 5
393 5
394 5
395 5
396 5
397 5
398 5
399 5
400 5
361 5
362 5
363 5
364 5
365 5
366 5
367 5
368 5
369 5
370 5
371 5
372 5
373 5
374 5
375 5
376 5
377 5
378 5
379 5
380 5
341 5
342 5
343 5
344 5
345 5
346 5
347 5
348 5
349 5
350 5
351 5
352 5
353 5
354 5
355 5
356 5
357 5
358 5
359 5
360 5
321 5
322 5
323 5
324 5
325 5
326 5
327 5
328 5
329 5
330 5
331 5
332 5
333 5
334 5
335 5
336 5
337 5
338 5
339 5
340 5
301 5
302 5
303 5
304 5
305 5
306 5
307 5
308 5
309 5
310 5
311 5
312 5
313 5
314 5
315 5
316 5
317 5
318 5
319 5
320 5
281 5
282 5
283 5
284 5
285 5
286 5
287 5
288 5
289 5
290 5
291 5
292 5
293 5
294 5
295 5
296 5
297 5
298 5
299 5
300 5
261 5
262 5
263 5
264 5
265 5
266 5
267 5
268 5
269 5
270 5
271 5
272 5
273 5
274 5
275 5
276 5
277 5
278 5
279 5
280 5
241 5
242 5
243 5
244 5
245 5
246 5
247 5
248 5
249 5
250 5
251 5
252 5
253 5
254 5
255 5
256 5
257 5
258 5
259 5
260 5
221 5
222 5
223 5
224 5
225 5
226 5
227 5
228 5
229 5
230 5
231 5
232 5
233 5
234 5
235 5
236 5
237 5
238 5
239 5
240 5
201 5
202 5
203 5
204 5
205 5
206 5
207 5
208 5
209 5
210 5
211 5
212 5
213 5
214 5
215 5
216 5
217 5
218 5
219 5
220 5
181 5
182 5
183 5
184 5
185 5
186 5
187 5
188 5
189 5
190 5
191 5
192 5
193 5
194 5
195 5
196 5
197 5
198 5
199 5
200 5
161 5
162 5
163 5
164 5
165 5
166 5
167 5
168 5
169 5
170 5
171 5
172 5
173 5
174 5
175 5
176 5
177 5
178 5
179 5
180 5
141 5
142 5
143 5
144 5
145 5
146 5
147 5
148 5
149 5
150 5
151 5
152 5
153 5
154 5
155 5
156 5
157 5
158 5
159 5
160 5
121 5
122 5
123 5
124 5
125 5
126 5
127 5
128 5
129 5
130 5
131 5
132 5
133 5
134 5
135 5
136 5
137 5
138 5
139 5
140 5
101 5
102 5
103 5
104 5
105 5
106 5
107 5
108 5
109 5
110 5
111 5
112 5
113 5
114 5
115 5
116 5
117 5
118 5
119 5
120 5
81 5
82 5
83 5
84 5
85 5
86 5
87 5
88 5
89 5
90 5
91 5
92 5
93 5
94 5
95 5
96 5
97 5
98 5
99 5
100 5
61 5
62 5
63 5
64 5
65 5
66 5
67 5
68 5
69 5
70 5
71 5
72 5
73 5
74 5
75 5
76 5
77 5
78 5
79 5
80 5
41 5
42 5
43 5
44 5
45 5
46 5
47 5
48 5
49 5
50 5
51 5
52 5
53 5
54 5
55 5
56 5
57 5
58 5
59 5
60 5
21 5
22 5
23 5
24 5
25 5
26 5
27 5
28 5
29 5
30 5
31 5
32 5
33 5
34 5
35 5
36 5
37 5
38 5
39 5
40 5
1 5
2 5
3 5
4 5
5 5
6 5
7 5
8 5
9 5
10 5
11 5
12 5
13 5
14 5
15 5
16 5
17 5
18 5
19 5
20 5
26381 2
26361 2
26341 2
26321 2
26301 2
26281 2
26261 2
26241 2
26221 2
26201 2
26181 2
26161 2
26141 2
26121 2
26101 2
26081 2
26061 2
26041 2
26021 2
26001 2
26382 2
26362 2
26342 2
26322 2
26302 2
26282 2
26262 2
26242 2
26222 2
26202 2
26182 2
26162 2
26142 2
26122 2
26102 2
26082 2
26062 2
26042 2
26022 2
26002 2
26383 2
26363 2
26343 2
26323 2
26303 2
26283 2
26263 2
26243 2
26223 2
26203 2
26183 2
26163 2
26143 2
26123 2
26103 2
26083 2
26063 2
26043 2
26023 2
26003 2
26384 2
26364 2
26344 2
26324 2
26304 2
26284 2
26264 2
26244 2
26224 2
26204 2
26184 2
26164 2
26144 2
26124 2
26104 2
26084 2
26064 2
26044 2
26024 2
26004 2
26385 2
26365 2
26345 2
26325 2
26305 2
26285 2
26265 2
26245 2
26225 2
26205 2
26185 2
26165 2
26145 2
26125 2
26105 2
26085 2
26065 2
26045 2
26025 2
26005 2
26386 2
26366 2
26346 2
26326 2
26306 2
26286 2
26266 2
26246 2
26226 2
26206 2
26186 2
26166 2
26146 2
26126 2
26106 2
26086 2
26066 2
26046 2
26026 2
26006 2
26387 2
26367 2
26347 2
26327 2
26307 2
26287 2
26267 2
26247 2
26227 2
26207 2
26187 2
26167 2
26147 2
26127 2
26107 2
26087 2
26067 2
26047 2
26027 2
26007 2
26388 2
26368 2
26348 2
26328 2
26308 2
26288 2
26268 2
26248 2
26228 2
26208 2
26188 2
26168 2
26148 2
26128 2
26108 2
26088 2
26068 2
26048 2
26028 2
26008 2
26389 2
26369 2
26349 2
26329 2
26309 2
26289 2
26269 2
26249 2
26229 2
26209 2
26189 2
26169 2
26149 2
26129 2
26109 2
26089 2
26069 2
26049 2
26029 2
26009 2
26390 2
26370 2
26350 2
26330 2
26310 2
26290 2
26270 2
26250 2
26230 2
26210 2
26190 2
26170 2
26150 2
26130 2
26110 2
26090 2
26070 2
26050 2
26030 2
26010 2
26391 2
26371 2
26351 2
26331 2
26311 2
26291 2
26271 2
26251 2
26231 2
26211 2
26191 2
26171 2
26151 2
26131 2
26111 2
26091 2
26071 2
26051 2
26031 2
26011 2
26392 2
26372 2
26352 2
26332 2
26312 2
26292 2
26272 2
26252 2
26232 2
26212 2
26192 2
26172 2
26152 2
26132 2
26112 2
26092 2
26072 2
26052 2
26032 2
26012 2
26393 2
26373 2
26353 2
26333 2
26313 2
26293 2
26273 2
26253 2
26233 2
26213 2
26193 2
26173 2
26153 2
26133 2
26113 2
26093 2
26073 2
26053 2
26033 2
26013 2
26394 2
26374 2
26354 2
26334 2
26314 2
26294 2
26274 2
26254 2
26234 2
26214 2
26194 2
26174 2
26154 2
26134 2
26114 2
26094 2
26074 2
26054 2
26034 2
26014 2
26395 2
26375 2
26355 2
26335 2
26315 2
26295 2
26275 2
26255 2
26235 2
26215 2
26195 2
26175 2
26155 2
26135 2
26115 2
26095 2
26075 2
26055 2
26035 2
26015 2
26396 2
26376 2
26356 2
26336 2
26316 2
26296 2
26276 2
26256 2
26236 2
26216 2
26196 2
26176 2
26156 2
26136 2
26116 2
26096 2
26076 2
26056 2
26036 2
26016 2
26397 2
26377 2
26357 2
26337 2
26317 2
26297 2
26277 2
26257 2
26237 2
26217 2
26197 2
26177 2
26157 2
26137 2
26117 2
26097 2
26077 2
26057 2
26037 2
26017 2
26398 2
26378 2
26358 2
26338 2
26318 2
26298 2
26278 2
26258 2
26238 2
26218 2
26198 2
26178 2
26158 2
26138 2
26118 2
26098 2
26078 2
26058 2
26038 2
26018 2
26399 2
26379 2
26359 2
26339 2
26319 2
26299 2
26279 2
26259 2
26239 2
26219 2
26199 2
26179 2
26159 2
26139 2
26119 2
26099 2
26079 2
26059 2
26039 2
26019 2
26400 2
26380 2
26360 2
26340 2
26320 2
26300 2
26280 2
26260 2
26240 2
26220 2
26200 2
26180 2
26160 2
26140 2
26120 2
26100 2
26080 2
26060 2
26040 2
26020 2
