2 0.0
2000
32001 5
32021 5
32041 5
32061 5
32081 5
32101 5
32121 5
32141 5
32161 5
32181 5
32201 5
32221 5
32241 5
32261 5
32281 5
32301 5
32321 5
32341 5
32361 5
32381 5
32002 5
32022 5
32042 5
32062 5
32082 5
32102 5
32122 5
32142 5
32162 5
32182 5
32202 5
32222 5
32242 5
32262 5
32282 5
32302 5
32322 5
32342 5
32362 5
32382 5
32003 5
32023 5
32043 5
32063 5
32083 5
32103 5
32123 5
32143 5
32163 5
32183 5
32203 5
32223 5
32243 5
32263 5
32283 5
32303 5
32323 5
32343 5
32363 5
32383 5
32004 5
32024 5
32044 5
32064 5
32084 5
32104 5
32124 5
32144 5
32164 5
32184 5
32204 5
32224 5
32244 5
32264 5
32284 5
32304 5
32324 5
32344 5
32364 5
32384 5
32005 5
32025 5
32045 5
32065 5
32085 5
32105 5
32125 5
32145 5
32165 5
32185 5
32205 5
32225 5
32245 5
32265 5
32285 5
32305 5
32325 5
32345 5
32365 5
32385 5
32006 5
32026 5
32046 5
32066 5
32086 5
32106 5
32126 5
32146 5
32166 5
32186 5
32206 5
32226 5
32246 5
32266 5
32286 5
32306 5
32326 5
32346 5
32366 5
32386 5
32007 5
32027 5
32047 5
32067 5
32087 5
32107 5
32127 5
32147 5
32167 5
32187 5
32207 5
32227 5
32247 5
32267 5
32287 5
32307 5
32327 5
32347 5
32367 5
32387 5
32008 5
32028 5
32048 5
32068 5
32088 5
32108 5
32128 5
32148 5
32168 5
32188 5
32208 5
32228 5
32248 5
32268 5
32288 5
32308 5
32328 5
32348 5
32368 5
32388 5
32009 5
32029 5
32049 5
32069 5
32089 5
32109 5
32129 5
32149 5
32169 5
32189 5
32209 5
32229 5
32249 5
32269 5
32289 5
32309 5
32329 5
32349 5
32369 5
32389 5
32010 5
32030 5
32050 5
32070 5
32090 5
32110 5
32130 5
32150 5
32170 5
32190 5
32210 5
32230 5
32250 5
32270 5
32290 5
32310 5
32330 5
32350 5
32370 5
32390 5
32011 5
32031 5
32051 5
32071 5
32091 5
32111 5
32131 5
32151 5
32171 5
32191 5
32211 5
32231 5
32251 5
32271 5
32291 5
32311 5
32331 5
32351 5
32371 5
32391 5
32012 5
32032 5
32052 5
32072 5
32092 5
32112 5
32132 5
32152 5
32172 5
32192 5
32212 5
32232 5
32252 5
32272 5
32292 5
32312 5
32332 5
32352 5
32372 5
32392 5
32013 5
32033 5
32053 5
32073 5
32093 5
32113 5
32133 5
32153 5
32173 5
32193 5
32213 5
32233 5
32253 5
32273 5
32293 5
32313 5
32333 5
32353 5
32373 5
32393 5
32014 5
32034 5
32054 5
32074 5
32094 5
32114 5
32134 5
32154 5
32174 5
32194 5
32214 5
32234 5
32254 5
32274 5
32294 5
32314 5
32334 5
32354 5
32374 5
32394 5
32015 5
32035 5
32055 5
32075 5
32095 5
32115 5
32135 5
32155 5
32175 5
32195 5
32215 5
32235 5
32255 5
32275 5
32295 5
32315 5
32335 5
32355 5
32375 5
32395 5
32016 5
32036 5
32056 5
32076 5
32096 5
32116 5
32136 5
32156 5
32176 5
32196 5
32216 5
32236 5
32256 5
32276 5
32296 5
32316 5
32336 5
32356 5
32376 5
32396 5
32017 5
32037 5
32057 5
32077 5
32097 5
32117 5
32137 5
32157 5
32177 5
32197 5
32217 5
32237 5
32257 5
32277 5
32297 5
32317 5
32337 5
32357 5
32377 5
32397 5
32018 5
32038 5
32058 5
32078 5
32098 5
32118 5
32138 5
32158 5
32178 5
32198 5
32218 5
32238 5
32258 5
32278 5
32298 5
32318 5
32338 5
32358 5
32378 5
32398 5
32019 5
32039 5
32059 5
32079 5
32099 5
32119 5
32139 5
32159 5
32179 5
32199 5
32219 5
32239 5
32259 5
32279 5
32299 5
32319 5
32339 5
32359 5
32379 5
32399 5
32020 5
32040 5
32060 5
32080 5
32100 5
32120 5
32140 5
32160 5
32180 5
32200 5
32220 5
32240 5
32260 5
32280 5
32300 5
32320 5
32340 5
32360 5
32380 5
32400 5
44000 2
43980 2
43960 2
43940 2
43920 2
43900 2
43880 2
43860 2
43840 2
43820 2
43800 2
43780 2
43760 2
43740 2
43720 2
43700 2
43680 2
43660 2
43640 2
43620 2
43600 2
43580 2
43560 2
43540 2
43520 2
43500 2
43480 2
43460 2
43440 2
43420 2
43400 2
43380 2
43360 2
43340 2
43320 2
43300 2
43280 2
43260 2
43240 2
43220 2
43200 2
43180 2
43160 2
43140 2
43120 2
43100 2
43080 2
43060 2
43040 2
43020 2
43000 2
42980 2
42960 2
42940 2
42920 2
42900 2
42880 2
42860 2
42840 2
42820 2
42800 2
42780 2
42760 2
42740 2
42720 2
42700 2
42680 2
42660 2
42640 2
42620 2
42600 2
42580 2
42560 2
42540 2
42520 2
42500 2
42480 2
42460 2
42440 2
42420 2
42400 2
42380 2
42360 2
42340 2
42320 2
42300 2
42280 2
42260 2
42240 2
42220 2
42200 2
42180 2
42160 2
42140 2
42120 2
42100 2
42080 2
42060 2
42040 2
42020 2
42000 2
41980 2
41960 2
41940 2
41920 2
41900 2
41880 2
41860 2
41840 2
41820 2
41800 2
41780 2
41760 2
41740 2
41720 2
41700 2
41680 2
41660 2
41640 2
41620 2
41600 2
41580 2
41560 2
41540 2
41520 2
41500 2
41480 2
41460 2
41440 2
41420 2
41400 2
41380 2
41360 2
41340 2
41320 2
41300 2
41280 2
41260 2
41240 2
41220 2
41200 2
41180 2
41160 2
41140 2
41120 2
41100 2
41080 2
41060 2
41040 2
41020 2
41000 2
40980 2
40960 2
40940 2
40920 2
40900 2
40880 2
40860 2
40840 2
40820 2
40800 2
40780 2
40760 2
40740 2
40720 2
40700 2
40680 2
40660 2
40640 2
40620 2
40600 2
40580 2
40560 2
40540 2
40520 2
40500 2
40480 2
40460 2
40440 2
40420 2
40400 2
40380 2
40360 2
40340 2
40320 2
40300 2
40280 2
40260 2
40240 2
40220 2
40200 2
40180 2
40160 2
40140 2
40120 2
40100 2
40080 2
40060 2
40040 2
40020 2
44001 5
44021 5
44041 5
44061 5
44081 5
44101 5
44121 5
44141 5
44161 5
44181 5
44201 5
44221 5
44241 5
44261 5
44281 5
44301 5
44321 5
44341 5
44361 5
44381 5
44002 5
44022 5
44042 5
44062 5
44082 5
44102 5
44122 5
44142 5
44162 5
44182 5
44202 5
44222 5
44242 5
44262 5
44282 5
44302 5
44322 5
44342 5
44362 5
44382 5
44003 5
44023 5
44043 5
44063 5
44083 5
44103 5
44123 5
44143 5
44163 5
44183 5
44203 5
44223 5
44243 5
44263 5
44283 5
44303 5
44323 5
44343 5
44363 5
44383 5
44004 5
44024 5
44044 5
44064 5
44084 5
44104 5
44124 5
44144 5
44164 5
44184 5
44204 5
44224 5
44244 5
44264 5
44284 5
44304 5
44324 5
44344 5
44364 5
44384 5
44005 5
44025 5
44045 5
44065 5
44085 5
44105 5
44125 5
44145 5
44165 5
44185 5
44205 5
44225 5
44245 5
44265 5
44285 5
44305 5
44325 5
44345 5
44365 5
44385 5
44006 5
44026 5
44046 5
44066 5
44086 5
44106 5
44126 5
44146 5
44166 5
44186 5
44206 5
44226 5
44246 5
44266 5
44286 5
44306 5
44326 5
44346 5
44366 5
44386 5
44007 5
44027 5
44047 5
44067 5
44087 5
44107 5
44127 5
44147 5
44167 5
44187 5
44207 5
44227 5
44247 5
44267 5
44287 5
44307 5
44327 5
44347 5
44367 5
44387 5
44008 5
44028 5
44048 5
44068 5
44088 5
44108 5
44128 5
44148 5
44168 5
44188 5
44208 5
44228 5
44248 5
44268 5
44288 5
44308 5
44328 5
44348 5
44368 5
44388 5
44009 5
44029 5
44049 5
44069 5
44089 5
44109 5
44129 5
44149 5
44169 5
44189 5
44209 5
44229 5
44249 5
44269 5
44289 5
44309 5
44329 5
44349 5
44369 5
44389 5
44010 5
44030 5
44050 5
44070 5
44090 5
44110 5
44130 5
44150 5
44170 5
44190 5
44210 5
44230 5
44250 5
44270 5
44290 5
44310 5
44330 5
44350 5
44370 5
44390 5
44011 5
44031 5
44051 5
44071 5
44091 5
44111 5
44131 5
44151 5
44171 5
44191 5
44211 5
44231 5
44251 5
44271 5
44291 5
44311 5
44331 5
44351 5
44371 5
44391 5
44012 5
44032 5
44052 5
44072 5
44092 5
44112 5
44132 5
44152 5
44172 5
44192 5
44212 5
44232 5
44252 5
44272 5
44292 5
44312 5
44332 5
44352 5
44372 5
44392 5
44013 5
44033 5
44053 5
44073 5
44093 5
44113 5
44133 5
44153 5
44173 5
44193 5
44213 5
44233 5
44253 5
44273 5
44293 5
44313 5
44333 5
44353 5
44373 5
44393 5
44014 5
44034 5
44054 5
44074 5
44094 5
44114 5
44134 5
44154 5
44174 5
44194 5
44214 5
44234 5
44254 5
44274 5
44294 5
44314 5
44334 5
44354 5
44374 5
44394 5
44015 5
44035 5
44055 5
44075 5
44095 5
44115 5
44135 5
44155 5
44175 5
44195 5
44215 5
44235 5
44255 5
44275 5
44295 5
44315 5
44335 5
44355 5
44375 5
44395 5
44016 5
44036 5
44056 5
44076 5
44096 5
44116 5
44136 5
44156 5
44176 5
44196 5
44216 5
44236 5
44256 5
44276 5
44296 5
44316 5
44336 5
44356 5
44376 5
44396 5
44017 5
44037 5
44057 5
44077 5
44097 5
44117 5
44137 5
44157 5
44177 5
44197 5
44217 5
44237 5
44257 5
44277 5
44297 5
44317 5
44337 5
44357 5
44377 5
44397 5
44018 5
44038 5
44058 5
44078 5
44098 5
44118 5
44138 5
44158 5
44178 5
44198 5
44218 5
44238 5
44258 5
44278 5
44298 5
44318 5
44338 5
44358 5
44378 5
44398 5
44019 5
44039 5
44059 5
44079 5
44099 5
44119 5
44139 5
44159 5
44179 5
44199 5
44219 5
44239 5
44259 5
44279 5
44299 5
44319 5
44339 5
44359 5
44379 5
44399 5
44020 5
44040 5
44060 5
44080 5
44100 5
44120 5
44140 5
44160 5
44180 5
44200 5
44220 5
44240 5
44260 5
44280 5
44300 5
44320 5
44340 5
44360 5
44380 5
44400 5
6001 5
6021 5
6041 5
6061 5
6081 5
6101 5
6121 5
6141 5
6161 5
6181 5
6201 5
6221 5
6241 5
6261 5
6281 5
6301 5
6321 5
6341 5
6361 5
6381 5
6002 5
6022 5
6042 5
6062 5
6082 5
6102 5
6122 5
6142 5
6162 5
6182 5
6202 5
6222 5
6242 5
6262 5
6282 5
6302 5
6322 5
6342 5
6362 5
6382 5
6003 5
6023 5
6043 5
6063 5
6083 5
6103 5
6123 5
6143 5
6163 5
6183 5
6203 5
6223 5
6243 5
6263 5
6283 5
6303 5
6323 5
6343 5
6363 5
6383 5
6004 5
6024 5
6044 5
6064 5
6084 5
6104 5
6124 5
6144 5
6164 5
6184 5
6204 5
6224 5
6244 5
6264 5
6284 5
6304 5
6324 5
6344 5
6364 5
6384 5
6005 5
6025 5
6045 5
6065 5
6085 5
6105 5
6125 5
6145 5
6165 5
6185 5
6205 5
6225 5
6245 5
6265 5
6285 5
6305 5
6325 5
6345 5
6365 5
6385 5
6006 5
6026 5
6046 5
6066 5
6086 5
6106 5
6126 5
6146 5
6166 5
6186 5
6206 5
6226 5
6246 5
6266 5
6286 5
6306 5
6326 5
6346 5
6366 5
6386 5
6007 5
6027 5
6047 5
6067 5
6087 5
6107 5
6127 5
6147 5
6167 5
6187 5
6207 5
6227 5
6247 5
6267 5
6287 5
6307 5
6327 5
6347 5
6367 5
6387 5
6008 5
6028 5
6048 5
6068 5
6088 5
6108 5
6128 5
6148 5
6168 5
6188 5
6208 5
6228 5
6248 5
6268 5
6288 5
6308 5
6328 5
6348 5
6368 5
6388 5
6009 5
6029 5
6049 5
6069 5
6089 5
6109 5
6129 5
6149 5
6169 5
6189 5
6209 5
6229 5
6249 5
6269 5
6289 5
6309 5
6329 5
6349 5
6369 5
6389 5
6010 5
6030 5
6050 5
6070 5
6090 5
6110 5
6130 5
6150 5
6170 5
6190 5
6210 5
6230 5
6250 5
6270 5
6290 5
6310 5
6330 5
6350 5
6370 5
6390 5
6011 5
6031 5
6051 5
6071 5
6091 5
6111 5
6131 5
6151 5
6171 5
6191 5
6211 5
6231 5
6251 5
6271 5
6291 5
6311 5
6331 5
6351 5
6371 5
6391 5
6012 5
6032 5
6052 5
6072 5
6092 5
6112 5
6132 5
6152 5
6172 5
6192 5
6212 5
6232 5
6252 5
6272 5
6292 5
6312 5
6332 5
6352 5
6372 5
6392 5
6013 5
6033 5
6053 5
6073 5
6093 5
6113 5
6133 5
6153 5
6173 5
6193 5
6213 5
6233 5
6253 5
6273 5
6293 5
6313 5
6333 5
6353 5
6373 5
6393 5
6014 5
6034 5
6054 5
6074 5
6094 5
6114 5
6134 5
6154 5
6174 5
6194 5
6214 5
6234 5
6254 5
6274 5
6294 5
6314 5
6334 5
6354 5
6374 5
6394 5
6015 5
6035 5
6055 5
6075 5
6095 5
6115 5
6135 5
6155 5
6175 5
6195 5
6215 5
6235 5
6255 5
6275 5
6295 5
6315 5
6335 5
6355 5
6375 5
6395 5
6016 5
6036 5
6056 5
6076 5
6096 5
6116 5
6136 5
6156 5
6176 5
6196 5
6216 5
6236 5
6256 5
6276 5
6296 5
6316 5
6336 5
6356 5
6376 5
6396 5
6017 5
6037 5
6057 5
6077 5
6097 5
6117 5
6137 5
6157 5
6177 5
6197 5
6217 5
6237 5
6257 5
6277 5
6297 5
6317 5
6337 5
6357 5
6377 5
6397 5
6018 5
6038 5
6058 5
6078 5
6098 5
6118 5
6138 5
6158 5
6178 5
6198 5
6218 5
6238 5
6258 5
6278 5
6298 5
6318 5
6338 5
6358 5
6378 5
6398 5
6019 5
6039 5
6059 5
6079 5
6099 5
6119 5
6139 5
6159 5
6179 5
6199 5
6219 5
6239 5
6259 5
6279 5
6299 5
6319 5
6339 5
6359 5
6379 5
6399 5
6020 5
6040 5
6060 5
6080 5
6100 5
6120 5
6140 5
6160 5
6180 5
6200 5
6220 5
6240 5
6260 5
6280 5
6300 5
6320 5
6340 5
6360 5
6380 5
6400 5
18000 2
17980 2
17960 2
17940 2
17920 2
17900 2
17880 2
17860 2
17840 2
17820 2
17800 2
17780 2
17760 2
17740 2
17720 2
17700 2
17680 2
17660 2
17640 2
17620 2
17600 2
17580 2
17560 2
17540 2
17520 2
17500 2
17480 2
17460 2
17440 2
17420 2
17400 2
17380 2
17360 2
17340 2
17320 2
17300 2
17280 2
17260 2
17240 2
17220 2
17200 2
17180 2
17160 2
17140 2
17120 2
17100 2
17080 2
17060 2
17040 2
17020 2
17000 2
16980 2
16960 2
16940 2
16920 2
16900 2
16880 2
16860 2
16840 2
16820 2
16800 2
16780 2
16760 2
16740 2
16720 2
16700 2
16680 2
16660 2
16640 2
16620 2
16600 2
16580 2
16560 2
16540 2
16520 2
16500 2
16480 2
16460 2
16440 2
16420 2
16400 2
16380 2
16360 2
16340 2
16320 2
16300 2
16280 2
16260 2
16240 2
16220 2
16200 2
16180 2
16160 2
16140 2
16120 2
16100 2
16080 2
16060 2
16040 2
16020 2
16000 2
15980 2
15960 2
15940 2
15920 2
15900 2
15880 2
15860 2
15840 2
15820 2
15800 2
15780 2
15760 2
15740 2
15720 2
15700 2
15680 2
15660 2
15640 2
15620 2
15600 2
15580 2
15560 2
15540 2
15520 2
15500 2
15480 2
15460 2
15440 2
15420 2
15400 2
15380 2
15360 2
15340 2
15320 2
15300 2
15280 2
15260 2
15240 2
15220 2
15200 2
15180 2
15160 2
15140 2
15120 2
15100 2
15080 2
15060 2
15040 2
15020 2
15000 2
14980 2
14960 2
14940 2
14920 2
14900 2
14880 2
14860 2
14840 2
14820 2
14800 2
14780 2
14760 2
14740 2
14720 2
14700 2
14680 2
14660 2
14640 2
14620 2
14600 2
14580 2
14560 2
14540 2
14520 2
14500 2
14480 2
14460 2
14440 2
14420 2
14400 2
14380 2
14360 2
14340 2
14320 2
14300 2
14280 2
14260 2
14240 2
14220 2
14200 2
14180 2
14160 2
14140 2
14120 2
14100 2
14080 2
14060 2
14040 2
14020 2
25620 2
25220 2
24820 2
24420 2
24020 2
23620 2
23220 2
22820 2
22420 2
22020 2
21620 2
21220 2
20820 2
20420 2
20020 2
19620 2
19220 2
18820 2
18420 2
18020 2
25640 2
25240 2
24840 2
24440 2
24040 2
23640 2
23240 2
22840 2
22440 2
22040 2
21640 2
21240 2
20840 2
20440 2
20040 2
19640 2
19240 2
18840 2
18440 2
18040 2
25660 2
25260 2
24860 2
24460 2
24060 2
23660 2
23260 2
22860 2
22460 2
22060 2
21660 2
21260 2
20860 2
20460 2
20060 2
19660 2
19260 2
18860 2
18460 2
18060 2
25680 2
25280 2
24880 2
24480 2
24080 2
23680 2
23280 2
22880 2
22480 2
22080 2
21680 2
21280 2
20880 2
20480 2
20080 2
19680 2
19280 2
18880 2
18480 2
18080 2
25700 2
25300 2
24900 2
24500 2
24100 2
23700 2
23300 2
22900 2
22500 2
22100 2
21700 2
21300 2
20900 2
20500 2
20100 2
19700 2
19300 2
18900 2
18500 2
18100 2
25720 2
25320 2
24920 2
24520 2
24120 2
23720 2
23320 2
22920 2
22520 2
22120 2
21720 2
21320 2
20920 2
20520 2
20120 2
19720 2
19320 2
18920 2
18520 2
18120 2
25740 2
25340 2
24940 2
24540 2
24140 2
23740 2
23340 2
22940 2
22540 2
22140 2
21740 2
21340 2
20940 2
20540 2
20140 2
19740 2
19340 2
18940 2
18540 2
18140 2
25760 2
25360 2
24960 2
24560 2
24160 2
23760 2
23360 2
22960 2
22560 2
22160 2
21760 2
21360 2
20960 2
20560 2
20160 2
19760 2
19360 2
18960 2
18560 2
18160 2
25780 2
25380 2
24980 2
24580 2
24180 2
23780 2
23380 2
22980 2
22580 2
22180 2
21780 2
21380 2
20980 2
20580 2
20180 2
19780 2
19380 2
18980 2
18580 2
18180 2
25800 2
25400 2
25000 2
24600 2
24200 2
23800 2
23400 2
23000 2
22600 2
22200 2
21800 2
21400 2
21000 2
20600 2
20200 2
19800 2
19400 2
19000 2
18600 2
18200 2
25820 2
25420 2
25020 2
24620 2
24220 2
23820 2
23420 2
23020 2
22620 2
22220 2
21820 2
21420 2
21020 2
20620 2
20220 2
19820 2
19420 2
19020 2
18620 2
18220 2
25840 2
25440 2
25040 2
24640 2
24240 2
23840 2
23440 2
23040 2
22640 2
22240 2
21840 2
21440 2
21040 2
20640 2
20240 2
19840 2
19440 2
19040 2
18640 2
18240 2
25860 2
25460 2
25060 2
24660 2
24260 2
23860 2
23460 2
23060 2
22660 2
22260 2
21860 2
21460 2
21060 2
20660 2
20260 2
19860 2
19460 2
19060 2
18660 2
18260 2
25880 2
25480 2
25080 2
24680 2
24280 2
23880 2
23480 2
23080 2
22680 2
22280 2
21880 2
21480 2
21080 2
20680 2
20280 2
19880 2
19480 2
19080 2
18680 2
18280 2
25900 2
25500 2
25100 2
24700 2
24300 2
23900 2
23500 2
23100 2
22700 2
22300 2
21900 2
21500 2
21100 2
20700 2
20300 2
19900 2
19500 2
19100 2
18700 2
18300 2
25920 2
25520 2
25120 2
24720 2
24320 2
23920 2
23520 2
23120 2
22720 2
22320 2
21920 2
21520 2
21120 2
20720 2
20320 2
19920 2
19520 2
19120 2
18720 2
18320 2
25940 2
25540 2
25140 2
24740 2
24340 2
23940 2
23540 2
23140 2
22740 2
22340 2
21940 2
21540 2
21140 2
20740 2
20340 2
19940 2
19540 2
19140 2
18740 2
18340 2
25960 2
25560 2
25160 2
24760 2
24360 2
23960 2
23560 2
23160 2
22760 2
22360 2
21960 2
21560 2
21160 2
20760 2
20360 2
19960 2
19560 2
19160 2
18760 2
18360 2
25980 2
25580 2
25180 2
24780 2
24380 2
23980 2
23580 2
23180 2
22780 2
22380 2
21980 2
21580 2
21180 2
20780 2
20380 2
19980 2
19580 2
19180 2
18780 2
18380 2
26000 2
25600 2
25200 2
24800 2
24400 2
24000 2
23600 2
23200 2
22800 2
22400 2
22000 2
21600 2
21200 2
20800 2
20400 2
20000 2
19600 2
19200 2
18800 2
18400 2
