2 0.0
2080
26620 3
26640 3
26660 3
26680 3
26700 3
26720 3
26740 3
26760 3
26780 3
26800 3
26820 3
26840 3
26860 3
26880 3
26900 3
26920 3
26940 3
26960 3
26980 3
27000 3
620 3
640 3
660 3
680 3
700 3
720 3
740 3
760 3
780 3
800 3
820 3
840 3
860 3
880 3
900 3
920 3
940 3
960 3
980 3
1000 3
31981 3
31982 3
31983 3
31984 3
31985 3
31986 3
31987 3
31988 3
31989 3
31990 3
31991 3
31992 3
31993 3
31994 3
31995 3
31996 3
31997 3
31998 3
31999 3
32000 3
31581 3
31582 3
31583 3
31584 3
31585 3
31586 3
31587 3
31588 3
31589 3
31590 3
31591 3
31592 3
31593 3
31594 3
31595 3
31596 3
31597 3
31598 3
31599 3
31600 3
31181 3
31182 3
31183 3
31184 3
31185 3
31186 3
31187 3
31188 3
31189 3
31190 3
31191 3
31192 3
31193 3
31194 3
31195 3
31196 3
31197 3
31198 3
31199 3
31200 3
30781 3
30782 3
30783 3
30784 3
30785 3
30786 3
30787 3
30788 3
30789 3
30790 3
30791 3
30792 3
30793 3
30794 3
30795 3
30796 3
30797 3
30798 3
30799 3
30800 3
30381 3
30382 3
30383 3
30384 3
30385 3
30386 3
30387 3
30388 3
30389 3
30390 3
30391 3
30392 3
30393 3
30394 3
30395 3
30396 3
30397 3
30398 3
30399 3
30400 3
5981 3
5982 3
5983 3
5984 3
5985 3
5986 3
5987 3
5988 3
5989 3
5990 3
5991 3
5992 3
5993 3
5994 3
5995 3
5996 3
5997 3
5998 3
5999 3
6000 3
5581 3
5582 3
5583 3
5584 3
5585 3
5586 3
5587 3
5588 3
5589 3
5590 3
5591 3
5592 3
5593 3
5594 3
5595 3
5596 3
5597 3
5598 3
5599 3
5600 3
5181 3
5182 3
5183 3
5184 3
5185 3
5186 3
5187 3
5188 3
5189 3
5190 3
5191 3
5192 3
5193 3
5194 3
5195 3
5196 3
5197 3
5198 3
5199 3
5200 3
4781 3
4782 3
4783 3
4784 3
4785 3
4786 3
4787 3
4788 3
4789 3
4790 3
4791 3
4792 3
4793 3
4794 3
4795 3
4796 3
4797 3
4798 3
4799 3
4800 3
4381 3
4382 3
4383 3
4384 3
4385 3
4386 3
4387 3
4388 3
4389 3
4390 3
4391 3
4392 3
4393 3
4394 3
4395 3
4396 3
4397 3
4398 3
4399 3
4400 3
52000 2
51980 2
51960 2
51940 2
51920 2
51900 2
51880 2
51860 2
51840 2
51820 2
51800 2
51780 2
51760 2
51740 2
51720 2
51700 2
51680 2
51660 2
51640 2
51620 2
51600 2
51580 2
51560 2
51540 2
51520 2
51500 2
51480 2
51460 2
51440 2
51420 2
51400 2
51380 2
51360 2
51340 2
51320 2
51300 2
51280 2
51260 2
51240 2
51220 2
51200 2
51180 2
51160 2
51140 2
51120 2
51100 2
51080 2
51060 2
51040 2
51020 2
51000 2
50980 2
50960 2
50940 2
50920 2
50900 2
50880 2
50860 2
50840 2
50820 2
50800 2
50780 2
50760 2
50740 2
50720 2
50700 2
50680 2
50660 2
50640 2
50620 2
50600 2
50580 2
50560 2
50540 2
50520 2
50500 2
50480 2
50460 2
50440 2
50420 2
50400 2
50380 2
50360 2
50340 2
50320 2
50300 2
50280 2
50260 2
50240 2
50220 2
50200 2
50180 2
50160 2
50140 2
50120 2
50100 2
50080 2
50060 2
50040 2
50020 2
50000 2
49980 2
49960 2
49940 2
49920 2
49900 2
49880 2
49860 2
49840 2
49820 2
49800 2
49780 2
49760 2
49740 2
49720 2
49700 2
49680 2
49660 2
49640 2
49620 2
49600 2
49580 2
49560 2
49540 2
49520 2
49500 2
49480 2
49460 2
49440 2
49420 2
49400 2
49380 2
49360 2
49340 2
49320 2
49300 2
49280 2
49260 2
49240 2
49220 2
49200 2
49180 2
49160 2
49140 2
49120 2
49100 2
49080 2
49060 2
49040 2
49020 2
49000 2
48980 2
48960 2
48940 2
48920 2
48900 2
48880 2
48860 2
48840 2
48820 2
48800 2
48780 2
48760 2
48740 2
48720 2
48700 2
48680 2
48660 2
48640 2
48620 2
48600 2
48580 2
48560 2
48540 2
48520 2
48500 2
48480 2
48460 2
48440 2
48420 2
48400 2
48380 2
48360 2
48340 2
48320 2
48300 2
48280 2
48260 2
48240 2
48220 2
48200 2
48180 2
48160 2
48140 2
48120 2
48100 2
48080 2
48060 2
48040 2
48020 2
48000 2
47980 2
47960 2
47940 2
47920 2
47900 2
47880 2
47860 2
47840 2
47820 2
47800 2
47780 2
47760 2
47740 2
47720 2
47700 2
47680 2
47660 2
47640 2
47620 2
47600 2
47580 2
47560 2
47540 2
47520 2
47500 2
47480 2
47460 2
47440 2
47420 2
47400 2
47380 2
47360 2
47340 2
47320 2
47300 2
47280 2
47260 2
47240 2
47220 2
47200 2
47180 2
47160 2
47140 2
47120 2
47100 2
47080 2
47060 2
47040 2
47020 2
47000 2
46980 2
46960 2
46940 2
46920 2
46900 2
46880 2
46860 2
46840 2
46820 2
46800 2
46780 2
46760 2
46740 2
46720 2
46700 2
46680 2
46660 2
46640 2
46620 2
46600 2
46580 2
46560 2
46540 2
46520 2
46500 2
46480 2
46460 2
46440 2
46420 2
46400 2
46380 2
46360 2
46340 2
46320 2
46300 2
46280 2
46260 2
46240 2
46220 2
46200 2
46180 2
46160 2
46140 2
46120 2
46100 2
46080 2
46060 2
46040 2
46020 2
46000 2
45980 2
45960 2
45940 2
45920 2
45900 2
45880 2
45860 2
45840 2
45820 2
45800 2
45780 2
45760 2
45740 2
45720 2
45700 2
45680 2
45660 2
45640 2
45620 2
45600 2
45580 2
45560 2
45540 2
45520 2
45500 2
45480 2
45460 2
45440 2
45420 2
45400 2
45380 2
45360 2
45340 2
45320 2
45300 2
45280 2
45260 2
45240 2
45220 2
45200 2
45180 2
45160 2
45140 2
45120 2
45100 2
45080 2
45060 2
45040 2
45020 2
45000 2
44980 2
44960 2
44940 2
44920 2
44900 2
44880 2
44860 2
44840 2
44820 2
44800 2
44780 2
44760 2
44740 2
44720 2
44700 2
44680 2
44660 2
44640 2
44620 2
44600 2
44580 2
44560 2
44540 2
44520 2
44500 2
44480 2
44460 2
44440 2
44420 2
44400 2
44380 2
44360 2
44340 2
44320 2
44300 2
44280 2
44260 2
44240 2
44220 2
44200 2
44180 2
44160 2
44140 2
44120 2
44100 2
44080 2
44060 2
44040 2
44020 2
18381 3
18781 3
19181 3
19581 3
19981 3
20381 3
20781 3
21181 3
21581 3
21981 3
22381 3
22781 3
23181 3
23581 3
23981 3
24381 3
24781 3
25181 3
25581 3
25981 3
18382 3
18782 3
19182 3
19582 3
19982 3
20382 3
20782 3
21182 3
21582 3
21982 3
22382 3
22782 3
23182 3
23582 3
23982 3
24382 3
24782 3
25182 3
25582 3
25982 3
18383 3
18783 3
19183 3
19583 3
19983 3
20383 3
20783 3
21183 3
21583 3
21983 3
22383 3
22783 3
23183 3
23583 3
23983 3
24383 3
24783 3
25183 3
25583 3
25983 3
18384 3
18784 3
19184 3
19584 3
19984 3
20384 3
20784 3
21184 3
21584 3
21984 3
22384 3
22784 3
23184 3
23584 3
23984 3
24384 3
24784 3
25184 3
25584 3
25984 3
18385 3
18785 3
19185 3
19585 3
19985 3
20385 3
20785 3
21185 3
21585 3
21985 3
22385 3
22785 3
23185 3
23585 3
23985 3
24385 3
24785 3
25185 3
25585 3
25985 3
18386 3
18786 3
19186 3
19586 3
19986 3
20386 3
20786 3
21186 3
21586 3
21986 3
22386 3
22786 3
23186 3
23586 3
23986 3
24386 3
24786 3
25186 3
25586 3
25986 3
18387 3
18787 3
19187 3
19587 3
19987 3
20387 3
20787 3
21187 3
21587 3
21987 3
22387 3
22787 3
23187 3
23587 3
23987 3
24387 3
24787 3
25187 3
25587 3
25987 3
18388 3
18788 3
19188 3
19588 3
19988 3
20388 3
20788 3
21188 3
21588 3
21988 3
22388 3
22788 3
23188 3
23588 3
23988 3
24388 3
24788 3
25188 3
25588 3
25988 3
18389 3
18789 3
19189 3
19589 3
19989 3
20389 3
20789 3
21189 3
21589 3
21989 3
22389 3
22789 3
23189 3
23589 3
23989 3
24389 3
24789 3
25189 3
25589 3
25989 3
18390 3
18790 3
19190 3
19590 3
19990 3
20390 3
20790 3
21190 3
21590 3
21990 3
22390 3
22790 3
23190 3
23590 3
23990 3
24390 3
24790 3
25190 3
25590 3
25990 3
18391 3
18791 3
19191 3
19591 3
19991 3
20391 3
20791 3
21191 3
21591 3
21991 3
22391 3
22791 3
23191 3
23591 3
23991 3
24391 3
24791 3
25191 3
25591 3
25991 3
18392 3
18792 3
19192 3
19592 3
19992 3
20392 3
20792 3
21192 3
21592 3
21992 3
22392 3
22792 3
23192 3
23592 3
23992 3
24392 3
24792 3
25192 3
25592 3
25992 3
18393 3
18793 3
19193 3
19593 3
19993 3
20393 3
20793 3
21193 3
21593 3
21993 3
22393 3
22793 3
23193 3
23593 3
23993 3
24393 3
24793 3
25193 3
25593 3
25993 3
18394 3
18794 3
19194 3
19594 3
19994 3
20394 3
20794 3
21194 3
21594 3
21994 3
22394 3
22794 3
23194 3
23594 3
23994 3
24394 3
24794 3
25194 3
25594 3
25994 3
18395 3
18795 3
19195 3
19595 3
19995 3
20395 3
20795 3
21195 3
21595 3
21995 3
22395 3
22795 3
23195 3
23595 3
23995 3
24395 3
24795 3
25195 3
25595 3
25995 3
18396 3
18796 3
19196 3
19596 3
19996 3
20396 3
20796 3
21196 3
21596 3
21996 3
22396 3
22796 3
23196 3
23596 3
23996 3
24396 3
24796 3
25196 3
25596 3
25996 3
18397 3
18797 3
19197 3
19597 3
19997 3
20397 3
20797 3
21197 3
21597 3
21997 3
22397 3
22797 3
23197 3
23597 3
23997 3
24397 3
24797 3
25197 3
25597 3
25997 3
18398 3
18798 3
19198 3
19598 3
19998 3
20398 3
20798 3
21198 3
21598 3
21998 3
22398 3
22798 3
23198 3
23598 3
23998 3
24398 3
24798 3
25198 3
25598 3
25998 3
18399 3
18799 3
19199 3
19599 3
19999 3
20399 3
20799 3
21199 3
21599 3
21999 3
22399 3
22799 3
23199 3
23599 3
23999 3
24399 3
24799 3
25199 3
25599 3
25999 3
18400 3
18800 3
19200 3
19600 3
20000 3
20400 3
20800 3
21200 3
21600 3
22000 3
22400 3
22800 3
23200 3
23600 3
24000 3
24400 3
24800 3
25200 3
25600 3
26000 3
20 1
19 1
18 1
17 1
16 1
15 1
14 1
13 1
12 1
11 1
10 1
9 1
8 1
7 1
6 1
5 1
4 1
3 1
2 1
1 1
26020 3
26040 3
26060 3
26080 3
26100 3
26120 3
26140 3
26160 3
26180 3
26200 3
26220 3
26240 3
26260 3
26280 3
26300 3
26320 3
26340 3
26360 3
26380 3
26400 3
2901 1
2801 1
2701 1
2601 1
2501 1
2401 1
2301 1
2201 1
2101 1
2001 1
1901 1
1801 1
1701 1
1601 1
1501 1
1401 1
1301 1
1201 1
1101 1
1001 1
2902 1
2802 1
2702 1
2602 1
2502 1
2402 1
2302 1
2202 1
2102 1
2002 1
1902 1
1802 1
1702 1
1602 1
1502 1
1402 1
1302 1
1202 1
1102 1
1002 1
2903 1
2803 1
2703 1
2603 1
2503 1
2403 1
2303 1
2203 1
2103 1
2003 1
1903 1
1803 1
1703 1
1603 1
1503 1
1403 1
1303 1
1203 1
1103 1
1003 1
2904 1
2804 1
2704 1
2604 1
2504 1
2404 1
2304 1
2204 1
2104 1
2004 1
1904 1
1804 1
1704 1
1604 1
1504 1
1404 1
1304 1
1204 1
1104 1
1004 1
2905 1
2805 1
2705 1
2605 1
2505 1
2405 1
2305 1
2205 1
2105 1
2005 1
1905 1
1805 1
1705 1
1605 1
1505 1
1405 1
1305 1
1205 1
1105 1
1005 1
28981 3
28982 3
28983 3
28984 3
28985 3
28986 3
28987 3
28988 3
28989 3
28990 3
28991 3
28992 3
28993 3
28994 3
28995 3
28996 3
28997 3
28998 3
28999 3
29000 3
28581 3
28582 3
28583 3
28584 3
28585 3
28586 3
28587 3
28588 3
28589 3
28590 3
28591 3
28592 3
28593 3
28594 3
28595 3
28596 3
28597 3
28598 3
28599 3
28600 3
28181 3
28182 3
28183 3
28184 3
28185 3
28186 3
28187 3
28188 3
28189 3
28190 3
28191 3
28192 3
28193 3
28194 3
28195 3
28196 3
28197 3
28198 3
28199 3
28200 3
27781 3
27782 3
27783 3
27784 3
27785 3
27786 3
27787 3
27788 3
27789 3
27790 3
27791 3
27792 3
27793 3
27794 3
27795 3
27796 3
27797 3
27798 3
27799 3
27800 3
27381 3
27382 3
27383 3
27384 3
27385 3
27386 3
27387 3
27388 3
27389 3
27390 3
27391 3
27392 3
27393 3
27394 3
27395 3
27396 3
27397 3
27398 3
27399 3
27400 3
14000 2
13980 2
13960 2
13940 2
13920 2
13900 2
13880 2
13860 2
13840 2
13820 2
13800 2
13780 2
13760 2
13740 2
13720 2
13700 2
13680 2
13660 2
13640 2
13620 2
13600 2
13580 2
13560 2
13540 2
13520 2
13500 2
13480 2
13460 2
13440 2
13420 2
13400 2
13380 2
13360 2
13340 2
13320 2
13300 2
13280 2
13260 2
13240 2
13220 2
13200 2
13180 2
13160 2
13140 2
13120 2
13100 2
13080 2
13060 2
13040 2
13020 2
13000 2
12980 2
12960 2
12940 2
12920 2
12900 2
12880 2
12860 2
12840 2
12820 2
12800 2
12780 2
12760 2
12740 2
12720 2
12700 2
12680 2
12660 2
12640 2
12620 2
12600 2
12580 2
12560 2
12540 2
12520 2
12500 2
12480 2
12460 2
12440 2
12420 2
12400 2
12380 2
12360 2
12340 2
12320 2
12300 2
12280 2
12260 2
12240 2
12220 2
12200 2
12180 2
12160 2
12140 2
12120 2
12100 2
12080 2
12060 2
12040 2
12020 2
12000 2
11980 2
11960 2
11940 2
11920 2
11900 2
11880 2
11860 2
11840 2
11820 2
11800 2
11780 2
11760 2
11740 2
11720 2
11700 2
11680 2
11660 2
11640 2
11620 2
11600 2
11580 2
11560 2
11540 2
11520 2
11500 2
11480 2
11460 2
11440 2
11420 2
11400 2
11380 2
11360 2
11340 2
11320 2
11300 2
11280 2
11260 2
11240 2
11220 2
11200 2
11180 2
11160 2
11140 2
11120 2
11100 2
11080 2
11060 2
11040 2
11020 2
11000 2
10980 2
10960 2
10940 2
10920 2
10900 2
10880 2
10860 2
10840 2
10820 2
10800 2
10780 2
10760 2
10740 2
10720 2
10700 2
10680 2
10660 2
10640 2
10620 2
10600 2
10580 2
10560 2
10540 2
10520 2
10500 2
10480 2
10460 2
10440 2
10420 2
10400 2
10380 2
10360 2
10340 2
10320 2
10300 2
10280 2
10260 2
10240 2
10220 2
10200 2
10180 2
10160 2
10140 2
10120 2
10100 2
10080 2
10060 2
10040 2
10020 2
10000 2
9980 2
9960 2
9940 2
9920 2
9900 2
9880 2
9860 2
9840 2
9820 2
9800 2
9780 2
9760 2
9740 2
9720 2
9700 2
9680 2
9660 2
9640 2
9620 2
9600 2
9580 2
9560 2
9540 2
9520 2
9500 2
9480 2
9460 2
9440 2
9420 2
9400 2
9380 2
9360 2
9340 2
9320 2
9300 2
9280 2
9260 2
9240 2
9220 2
9200 2
9180 2
9160 2
9140 2
9120 2
9100 2
9080 2
9060 2
9040 2
9020 2
9000 2
8980 2
8960 2
8940 2
8920 2
8900 2
8880 2
8860 2
8840 2
8820 2
8800 2
8780 2
8760 2
8740 2
8720 2
8700 2
8680 2
8660 2
8640 2
8620 2
8600 2
8580 2
8560 2
8540 2
8520 2
8500 2
8480 2
8460 2
8440 2
8420 2
8400 2
8380 2
8360 2
8340 2
8320 2
8300 2
8280 2
8260 2
8240 2
8220 2
8200 2
8180 2
8160 2
8140 2
8120 2
8100 2
8080 2
8060 2
8040 2
8020 2
8000 2
7980 2
7960 2
7940 2
7920 2
7900 2
7880 2
7860 2
7840 2
7820 2
7800 2
7780 2
7760 2
7740 2
7720 2
7700 2
7680 2
7660 2
7640 2
7620 2
7600 2
7580 2
7560 2
7540 2
7520 2
7500 2
7480 2
7460 2
7440 2
7420 2
7400 2
7380 2
7360 2
7340 2
7320 2
7300 2
7280 2
7260 2
7240 2
7220 2
7200 2
7180 2
7160 2
7140 2
7120 2
7100 2
7080 2
7060 2
7040 2
7020 2
7000 2
6980 2
6960 2
6940 2
6920 2
6900 2
6880 2
6860 2
6840 2
6820 2
6800 2
6780 2
6760 2
6740 2
6720 2
6700 2
6680 2
6660 2
6640 2
6620 2
6600 2
6580 2
6560 2
6540 2
6520 2
6500 2
6480 2
6460 2
6440 2
6420 2
6400 2
6380 2
6360 2
6340 2
6320 2
6300 2
6280 2
6260 2
6240 2
6220 2
6200 2
6180 2
6160 2
6140 2
6120 2
6100 2
6080 2
6060 2
6040 2
6020 2
40000 2
39980 2
39960 2
39940 2
39920 2
39900 2
39880 2
39860 2
39840 2
39820 2
39800 2
39780 2
39760 2
39740 2
39720 2
39700 2
39680 2
39660 2
39640 2
39620 2
39600 2
39580 2
39560 2
39540 2
39520 2
39500 2
39480 2
39460 2
39440 2
39420 2
39400 2
39380 2
39360 2
39340 2
39320 2
39300 2
39280 2
39260 2
39240 2
39220 2
39200 2
39180 2
39160 2
39140 2
39120 2
39100 2
39080 2
39060 2
39040 2
39020 2
39000 2
38980 2
38960 2
38940 2
38920 2
38900 2
38880 2
38860 2
38840 2
38820 2
38800 2
38780 2
38760 2
38740 2
38720 2
38700 2
38680 2
38660 2
38640 2
38620 2
38600 2
38580 2
38560 2
38540 2
38520 2
38500 2
38480 2
38460 2
38440 2
38420 2
38400 2
38380 2
38360 2
38340 2
38320 2
38300 2
38280 2
38260 2
38240 2
38220 2
38200 2
38180 2
38160 2
38140 2
38120 2
38100 2
38080 2
38060 2
38040 2
38020 2
38000 2
37980 2
37960 2
37940 2
37920 2
37900 2
37880 2
37860 2
37840 2
37820 2
37800 2
37780 2
37760 2
37740 2
37720 2
37700 2
37680 2
37660 2
37640 2
37620 2
37600 2
37580 2
37560 2
37540 2
37520 2
37500 2
37480 2
37460 2
37440 2
37420 2
37400 2
37380 2
37360 2
37340 2
37320 2
37300 2
37280 2
37260 2
37240 2
37220 2
37200 2
37180 2
37160 2
37140 2
37120 2
37100 2
37080 2
37060 2
37040 2
37020 2
37000 2
36980 2
36960 2
36940 2
36920 2
36900 2
36880 2
36860 2
36840 2
36820 2
36800 2
36780 2
36760 2
36740 2
36720 2
36700 2
36680 2
36660 2
36640 2
36620 2
36600 2
36580 2
36560 2
36540 2
36520 2
36500 2
36480 2
36460 2
36440 2
36420 2
36400 2
36380 2
36360 2
36340 2
36320 2
36300 2
36280 2
36260 2
36240 2
36220 2
36200 2
36180 2
36160 2
36140 2
36120 2
36100 2
36080 2
36060 2
36040 2
36020 2
36000 2
35980 2
35960 2
35940 2
35920 2
35900 2
35880 2
35860 2
35840 2
35820 2
35800 2
35780 2
35760 2
35740 2
35720 2
35700 2
35680 2
35660 2
35640 2
35620 2
35600 2
35580 2
35560 2
35540 2
35520 2
35500 2
35480 2
35460 2
35440 2
35420 2
35400 2
35380 2
35360 2
35340 2
35320 2
35300 2
35280 2
35260 2
35240 2
35220 2
35200 2
35180 2
35160 2
35140 2
35120 2
35100 2
35080 2
35060 2
35040 2
35020 2
35000 2
34980 2
34960 2
34940 2
34920 2
34900 2
34880 2
34860 2
34840 2
34820 2
34800 2
34780 2
34760 2
34740 2
34720 2
34700 2
34680 2
34660 2
34640 2
34620 2
34600 2
34580 2
34560 2
34540 2
34520 2
34500 2
34480 2
34460 2
34440 2
34420 2
34400 2
34380 2
34360 2
34340 2
34320 2
34300 2
34280 2
34260 2
34240 2
34220 2
34200 2
34180 2
34160 2
34140 2
34120 2
34100 2
34080 2
34060 2
34040 2
34020 2
34000 2
33980 2
33960 2
33940 2
33920 2
33900 2
33880 2
33860 2
33840 2
33820 2
33800 2
33780 2
33760 2
33740 2
33720 2
33700 2
33680 2
33660 2
33640 2
33620 2
33600 2
33580 2
33560 2
33540 2
33520 2
33500 2
33480 2
33460 2
33440 2
33420 2
33400 2
33380 2
33360 2
33340 2
33320 2
33300 2
33280 2
33260 2
33240 2
33220 2
33200 2
33180 2
33160 2
33140 2
33120 2
33100 2
33080 2
33060 2
33040 2
33020 2
33000 2
32980 2
32960 2
32940 2
32920 2
32900 2
32880 2
32860 2
32840 2
32820 2
32800 2
32780 2
32760 2
32740 2
32720 2
32700 2
32680 2
32660 2
32640 2
32620 2
32600 2
32580 2
32560 2
32540 2
32520 2
32500 2
32480 2
32460 2
32440 2
32420 2
32400 2
32380 2
32360 2
32340 2
32320 2
32300 2
32280 2
32260 2
32240 2
32220 2
32200 2
32180 2
32160 2
32140 2
32120 2
32100 2
32080 2
32060 2
32040 2
32020 2
