2 0.0
2600
1000 6
999 6
998 6
997 6
996 6
995 6
994 6
993 6
992 6
991 6
990 6
989 6
988 6
987 6
986 6
985 6
984 6
983 6
982 6
981 6
410 1
409 1
408 1
407 1
406 1
405 1
404 1
403 1
402 1
401 1
400 2
380 2
360 2
340 2
320 2
300 2
280 2
260 2
240 2
220 2
200 2
180 2
160 2
140 2
120 2
100 2
80 2
60 2
40 2
20 2
5601 4
5621 4
5641 4
5661 4
5681 4
5701 4
5721 4
5741 4
5761 4
5781 4
5801 4
5821 4
5841 4
5861 4
5881 4
5901 4
5921 4
5941 4
5961 4
5981 4
5201 4
5221 4
5241 4
5261 4
5281 4
5301 4
5321 4
5341 4
5361 4
5381 4
5401 4
5421 4
5441 4
5461 4
5481 4
5501 4
5521 4
5541 4
5561 4
5581 4
4801 4
4821 4
4841 4
4861 4
4881 4
4901 4
4921 4
4941 4
4961 4
4981 4
5001 4
5021 4
5041 4
5061 4
5081 4
5101 4
5121 4
5141 4
5161 4
5181 4
4401 4
4421 4
4441 4
4461 4
4481 4
4501 4
4521 4
4541 4
4561 4
4581 4
4601 4
4621 4
4641 4
4661 4
4681 4
4701 4
4721 4
4741 4
4761 4
4781 4
4001 4
4021 4
4041 4
4061 4
4081 4
4101 4
4121 4
4141 4
4161 4
4181 4
4201 4
4221 4
4241 4
4261 4
4281 4
4301 4
4321 4
4341 4
4361 4
4381 4
3901 1
3801 1
3701 1
3601 1
3501 1
3401 1
3301 1
3201 1
3101 1
3001 1
3902 1
3802 1
3702 1
3602 1
3502 1
3402 1
3302 1
3202 1
3102 1
3002 1
3903 1
3803 1
3703 1
3603 1
3503 1
3403 1
3303 1
3203 1
3103 1
3003 1
3904 1
3804 1
3704 1
3604 1
3504 1
3404 1
3304 1
3204 1
3104 1
3004 1
3905 1
3805 1
3705 1
3605 1
3505 1
3405 1
3305 1
3205 1
3105 1
3005 1
1001 5
1006 5
1011 5
1016 5
1021 5
1026 5
1031 5
1036 5
1041 5
1046 5
1051 5
1056 5
1061 5
1066 5
1071 5
1076 5
1081 5
1086 5
1091 5
1096 5
1002 5
1007 5
1012 5
1017 5
1022 5
1027 5
1032 5
1037 5
1042 5
1047 5
1052 5
1057 5
1062 5
1067 5
1072 5
1077 5
1082 5
1087 5
1092 5
1097 5
1003 5
1008 5
1013 5
1018 5
1023 5
1028 5
1033 5
1038 5
1043 5
1048 5
1053 5
1058 5
1063 5
1068 5
1073 5
1078 5
1083 5
1088 5
1093 5
1098 5
1004 5
1009 5
1014 5
1019 5
1024 5
1029 5
1034 5
1039 5
1044 5
1049 5
1054 5
1059 5
1064 5
1069 5
1074 5
1079 5
1084 5
1089 5
1094 5
1099 5
1005 5
1010 5
1015 5
1020 5
1025 5
1030 5
1035 5
1040 5
1045 5
1050 5
1055 5
1060 5
1065 5
1070 5
1075 5
1080 5
1085 5
1090 5
1095 5
1100 5
18001 5
18021 5
18041 5
18061 5
18081 5
18101 5
18121 5
18141 5
18161 5
18181 5
18201 5
18221 5
18241 5
18261 5
18281 5
18301 5
18321 5
18341 5
18361 5
18381 5
18002 5
18022 5
18042 5
18062 5
18082 5
18102 5
18122 5
18142 5
18162 5
18182 5
18202 5
18222 5
18242 5
18262 5
18282 5
18302 5
18322 5
18342 5
18362 5
18382 5
18003 5
18023 5
18043 5
18063 5
18083 5
18103 5
18123 5
18143 5
18163 5
18183 5
18203 5
18223 5
18243 5
18263 5
18283 5
18303 5
18323 5
18343 5
18363 5
18383 5
18004 5
18024 5
18044 5
18064 5
18084 5
18104 5
18124 5
18144 5
18164 5
18184 5
18204 5
18224 5
18244 5
18264 5
18284 5
18304 5
18324 5
18344 5
18364 5
18384 5
18005 5
18025 5
18045 5
18065 5
18085 5
18105 5
18125 5
18145 5
18165 5
18185 5
18205 5
18225 5
18245 5
18265 5
18285 5
18305 5
18325 5
18345 5
18365 5
18385 5
18006 5
18026 5
18046 5
18066 5
18086 5
18106 5
18126 5
18146 5
18166 5
18186 5
18206 5
18226 5
18246 5
18266 5
18286 5
18306 5
18326 5
18346 5
18366 5
18386 5
18007 5
18027 5
18047 5
18067 5
18087 5
18107 5
18127 5
18147 5
18167 5
18187 5
18207 5
18227 5
18247 5
18267 5
18287 5
18307 5
18327 5
18347 5
18367 5
18387 5
18008 5
18028 5
18048 5
18068 5
18088 5
18108 5
18128 5
18148 5
18168 5
18188 5
18208 5
18228 5
18248 5
18268 5
18288 5
18308 5
18328 5
18348 5
18368 5
18388 5
18009 5
18029 5
18049 5
18069 5
18089 5
18109 5
18129 5
18149 5
18169 5
18189 5
18209 5
18229 5
18249 5
18269 5
18289 5
18309 5
18329 5
18349 5
18369 5
18389 5
18010 5
18030 5
18050 5
18070 5
18090 5
18110 5
18130 5
18150 5
18170 5
18190 5
18210 5
18230 5
18250 5
18270 5
18290 5
18310 5
18330 5
18350 5
18370 5
18390 5
18011 5
18031 5
18051 5
18071 5
18091 5
18111 5
18131 5
18151 5
18171 5
18191 5
18211 5
18231 5
18251 5
18271 5
18291 5
18311 5
18331 5
18351 5
18371 5
18391 5
18012 5
18032 5
18052 5
18072 5
18092 5
18112 5
18132 5
18152 5
18172 5
18192 5
18212 5
18232 5
18252 5
18272 5
18292 5
18312 5
18332 5
18352 5
18372 5
18392 5
18013 5
18033 5
18053 5
18073 5
18093 5
18113 5
18133 5
18153 5
18173 5
18193 5
18213 5
18233 5
18253 5
18273 5
18293 5
18313 5
18333 5
18353 5
18373 5
18393 5
18014 5
18034 5
18054 5
18074 5
18094 5
18114 5
18134 5
18154 5
18174 5
18194 5
18214 5
18234 5
18254 5
18274 5
18294 5
18314 5
18334 5
18354 5
18374 5
18394 5
18015 5
18035 5
18055 5
18075 5
18095 5
18115 5
18135 5
18155 5
18175 5
18195 5
18215 5
18235 5
18255 5
18275 5
18295 5
18315 5
18335 5
18355 5
18375 5
18395 5
18016 5
18036 5
18056 5
18076 5
18096 5
18116 5
18136 5
18156 5
18176 5
18196 5
18216 5
18236 5
18256 5
18276 5
18296 5
18316 5
18336 5
18356 5
18376 5
18396 5
18017 5
18037 5
18057 5
18077 5
18097 5
18117 5
18137 5
18157 5
18177 5
18197 5
18217 5
18237 5
18257 5
18277 5
18297 5
18317 5
18337 5
18357 5
18377 5
18397 5
18018 5
18038 5
18058 5
18078 5
18098 5
18118 5
18138 5
18158 5
18178 5
18198 5
18218 5
18238 5
18258 5
18278 5
18298 5
18318 5
18338 5
18358 5
18378 5
18398 5
18019 5
18039 5
18059 5
18079 5
18099 5
18119 5
18139 5
18159 5
18179 5
18199 5
18219 5
18239 5
18259 5
18279 5
18299 5
18319 5
18339 5
18359 5
18379 5
18399 5
18020 5
18040 5
18060 5
18080 5
18100 5
18120 5
18140 5
18160 5
18180 5
18200 5
18220 5
18240 5
18260 5
18280 5
18300 5
18320 5
18340 5
18360 5
18380 5
18400 5
17601 1
17201 1
16801 1
16401 1
16001 1
15601 1
15201 1
14801 1
14401 1
14001 1
17602 1
17202 1
16802 1
16402 1
16002 1
15602 1
15202 1
14802 1
14402 1
14002 1
17603 1
17203 1
16803 1
16403 1
16003 1
15603 1
15203 1
14803 1
14403 1
14003 1
17604 1
17204 1
16804 1
16404 1
16004 1
15604 1
15204 1
14804 1
14404 1
14004 1
17605 1
17205 1
16805 1
16405 1
16005 1
15605 1
15205 1
14805 1
14405 1
14005 1
17606 1
17206 1
16806 1
16406 1
16006 1
15606 1
15206 1
14806 1
14406 1
14006 1
17607 1
17207 1
16807 1
16407 1
16007 1
15607 1
15207 1
14807 1
14407 1
14007 1
17608 1
17208 1
16808 1
16408 1
16008 1
15608 1
15208 1
14808 1
14408 1
14008 1
17609 1
17209 1
16809 1
16409 1
16009 1
15609 1
15209 1
14809 1
14409 1
14009 1
17610 1
17210 1
16810 1
16410 1
16010 1
15610 1
15210 1
14810 1
14410 1
14010 1
17611 1
17211 1
16811 1
16411 1
16011 1
15611 1
15211 1
14811 1
14411 1
14011 1
17612 1
17212 1
16812 1
16412 1
16012 1
15612 1
15212 1
14812 1
14412 1
14012 1
17613 1
17213 1
16813 1
16413 1
16013 1
15613 1
15213 1
14813 1
14413 1
14013 1
17614 1
17214 1
16814 1
16414 1
16014 1
15614 1
15214 1
14814 1
14414 1
14014 1
17615 1
17215 1
16815 1
16415 1
16015 1
15615 1
15215 1
14815 1
14415 1
14015 1
17616 1
17216 1
16816 1
16416 1
16016 1
15616 1
15216 1
14816 1
14416 1
14016 1
17617 1
17217 1
16817 1
16417 1
16017 1
15617 1
15217 1
14817 1
14417 1
14017 1
17618 1
17218 1
16818 1
16418 1
16018 1
15618 1
15218 1
14818 1
14418 1
14018 1
17619 1
17219 1
16819 1
16419 1
16019 1
15619 1
15219 1
14819 1
14419 1
14019 1
17620 1
17220 1
16820 1
16420 1
16020 1
15620 1
15220 1
14820 1
14420 1
14020 1
13620 1
13619 1
13618 1
13617 1
13616 1
13615 1
13614 1
13613 1
13612 1
13611 1
13610 1
13609 1
13608 1
13607 1
13606 1
13605 1
13604 1
13603 1
13602 1
13601 1
13220 1
13219 1
13218 1
13217 1
13216 1
13215 1
13214 1
13213 1
13212 1
13211 1
13210 1
13209 1
13208 1
13207 1
13206 1
13205 1
13204 1
13203 1
13202 1
13201 1
12820 1
12819 1
12818 1
12817 1
12816 1
12815 1
12814 1
12813 1
12812 1
12811 1
12810 1
12809 1
12808 1
12807 1
12806 1
12805 1
12804 1
12803 1
12802 1
12801 1
12420 1
12419 1
12418 1
12417 1
12416 1
12415 1
12414 1
12413 1
12412 1
12411 1
12410 1
12409 1
12408 1
12407 1
12406 1
12405 1
12404 1
12403 1
12402 1
12401 1
12020 1
12019 1
12018 1
12017 1
12016 1
12015 1
12014 1
12013 1
12012 1
12011 1
12010 1
12009 1
12008 1
12007 1
12006 1
12005 1
12004 1
12003 1
12002 1
12001 1
11620 1
11619 1
11618 1
11617 1
11616 1
11615 1
11614 1
11613 1
11612 1
11611 1
11610 1
11609 1
11608 1
11607 1
11606 1
11605 1
11604 1
11603 1
11602 1
11601 1
11220 1
11219 1
11218 1
11217 1
11216 1
11215 1
11214 1
11213 1
11212 1
11211 1
11210 1
11209 1
11208 1
11207 1
11206 1
11205 1
11204 1
11203 1
11202 1
11201 1
10820 1
10819 1
10818 1
10817 1
10816 1
10815 1
10814 1
10813 1
10812 1
10811 1
10810 1
10809 1
10808 1
10807 1
10806 1
10805 1
10804 1
10803 1
10802 1
10801 1
10420 1
10419 1
10418 1
10417 1
10416 1
10415 1
10414 1
10413 1
10412 1
10411 1
10410 1
10409 1
10408 1
10407 1
10406 1
10405 1
10404 1
10403 1
10402 1
10401 1
10020 1
10019 1
10018 1
10017 1
10016 1
10015 1
10014 1
10013 1
10012 1
10011 1
10010 1
10009 1
10008 1
10007 1
10006 1
10005 1
10004 1
10003 1
10002 1
10001 1
9620 1
9619 1
9618 1
9617 1
9616 1
9615 1
9614 1
9613 1
9612 1
9611 1
9610 1
9609 1
9608 1
9607 1
9606 1
9605 1
9604 1
9603 1
9602 1
9601 1
9220 1
9219 1
9218 1
9217 1
9216 1
9215 1
9214 1
9213 1
9212 1
9211 1
9210 1
9209 1
9208 1
9207 1
9206 1
9205 1
9204 1
9203 1
9202 1
9201 1
8820 1
8819 1
8818 1
8817 1
8816 1
8815 1
8814 1
8813 1
8812 1
8811 1
8810 1
8809 1
8808 1
8807 1
8806 1
8805 1
8804 1
8803 1
8802 1
8801 1
8420 1
8419 1
8418 1
8417 1
8416 1
8415 1
8414 1
8413 1
8412 1
8411 1
8410 1
8409 1
8408 1
8407 1
8406 1
8405 1
8404 1
8403 1
8402 1
8401 1
8020 1
8019 1
8018 1
8017 1
8016 1
8015 1
8014 1
8013 1
8012 1
8011 1
8010 1
8009 1
8008 1
8007 1
8006 1
8005 1
8004 1
8003 1
8002 1
8001 1
7620 1
7619 1
7618 1
7617 1
7616 1
7615 1
7614 1
7613 1
7612 1
7611 1
7610 1
7609 1
7608 1
7607 1
7606 1
7605 1
7604 1
7603 1
7602 1
7601 1
7220 1
7219 1
7218 1
7217 1
7216 1
7215 1
7214 1
7213 1
7212 1
7211 1
7210 1
7209 1
7208 1
7207 1
7206 1
7205 1
7204 1
7203 1
7202 1
7201 1
6820 1
6819 1
6818 1
6817 1
6816 1
6815 1
6814 1
6813 1
6812 1
6811 1
6810 1
6809 1
6808 1
6807 1
6806 1
6805 1
6804 1
6803 1
6802 1
6801 1
6420 1
6419 1
6418 1
6417 1
6416 1
6415 1
6414 1
6413 1
6412 1
6411 1
6410 1
6409 1
6408 1
6407 1
6406 1
6405 1
6404 1
6403 1
6402 1
6401 1
6020 1
6019 1
6018 1
6017 1
6016 1
6015 1
6014 1
6013 1
6012 1
6011 1
6010 1
6009 1
6008 1
6007 1
6006 1
6005 1
6004 1
6003 1
6002 1
6001 1
26400 6
26399 6
26398 6
26397 6
26396 6
26395 6
26394 6
26393 6
26392 6
26391 6
26390 6
26389 6
26388 6
26387 6
26386 6
26385 6
26384 6
26383 6
26382 6
26381 6
26591 3
26592 3
26593 3
26594 3
26595 3
26596 3
26597 3
26598 3
26599 3
26600 3
26601 5
26602 5
26603 5
26604 5
26605 5
26606 5
26607 5
26608 5
26609 5
26610 5
26611 5
26612 5
26613 5
26614 5
26615 5
26616 5
26617 5
26618 5
26619 5
26620 5
28601 4
28621 4
28641 4
28661 4
28681 4
28701 4
28721 4
28741 4
28761 4
28781 4
28801 4
28821 4
28841 4
28861 4
28881 4
28901 4
28921 4
28941 4
28961 4
28981 4
28201 4
28221 4
28241 4
28261 4
28281 4
28301 4
28321 4
28341 4
28361 4
28381 4
28401 4
28421 4
28441 4
28461 4
28481 4
28501 4
28521 4
28541 4
28561 4
28581 4
27801 4
27821 4
27841 4
27861 4
27881 4
27901 4
27921 4
27941 4
27961 4
27981 4
28001 4
28021 4
28041 4
28061 4
28081 4
28101 4
28121 4
28141 4
28161 4
28181 4
27401 4
27421 4
27441 4
27461 4
27481 4
27501 4
27521 4
27541 4
27561 4
27581 4
27601 4
27621 4
27641 4
27661 4
27681 4
27701 4
27721 4
27741 4
27761 4
27781 4
27001 4
27021 4
27041 4
27061 4
27081 4
27101 4
27121 4
27141 4
27161 4
27181 4
27201 4
27221 4
27241 4
27261 4
27281 4
27301 4
27321 4
27341 4
27361 4
27381 4
29096 3
29196 3
29296 3
29396 3
29496 3
29596 3
29696 3
29796 3
29896 3
29996 3
29097 3
29197 3
29297 3
29397 3
29497 3
29597 3
29697 3
29797 3
29897 3
29997 3
29098 3
29198 3
29298 3
29398 3
29498 3
29598 3
29698 3
29798 3
29898 3
29998 3
29099 3
29199 3
29299 3
29399 3
29499 3
29599 3
29699 3
29799 3
29899 3
29999 3
29100 3
29200 3
29300 3
29400 3
29500 3
29600 3
29700 3
29800 3
29900 3
30000 3
32000 2
31980 2
31960 2
31940 2
31920 2
31900 2
31880 2
31860 2
31840 2
31820 2
31800 2
31780 2
31760 2
31740 2
31720 2
31700 2
31680 2
31660 2
31640 2
31620 2
31600 2
31580 2
31560 2
31540 2
31520 2
31500 2
31480 2
31460 2
31440 2
31420 2
31400 2
31380 2
31360 2
31340 2
31320 2
31300 2
31280 2
31260 2
31240 2
31220 2
31200 2
31180 2
31160 2
31140 2
31120 2
31100 2
31080 2
31060 2
31040 2
31020 2
31000 2
30980 2
30960 2
30940 2
30920 2
30900 2
30880 2
30860 2
30840 2
30820 2
30800 2
30780 2
30760 2
30740 2
30720 2
30700 2
30680 2
30660 2
30640 2
30620 2
30600 2
30580 2
30560 2
30540 2
30520 2
30500 2
30480 2
30460 2
30440 2
30420 2
30400 2
30380 2
30360 2
30340 2
30320 2
30300 2
30280 2
30260 2
30240 2
30220 2
30200 2
30180 2
30160 2
30140 2
30120 2
30100 2
30080 2
30060 2
30040 2
30020 2
39981 3
39982 3
39983 3
39984 3
39985 3
39986 3
39987 3
39988 3
39989 3
39990 3
39991 3
39992 3
39993 3
39994 3
39995 3
39996 3
39997 3
39998 3
39999 3
40000 3
39581 3
39582 3
39583 3
39584 3
39585 3
39586 3
39587 3
39588 3
39589 3
39590 3
39591 3
39592 3
39593 3
39594 3
39595 3
39596 3
39597 3
39598 3
39599 3
39600 3
39181 3
39182 3
39183 3
39184 3
39185 3
39186 3
39187 3
39188 3
39189 3
39190 3
39191 3
39192 3
39193 3
39194 3
39195 3
39196 3
39197 3
39198 3
39199 3
39200 3
38781 3
38782 3
38783 3
38784 3
38785 3
38786 3
38787 3
38788 3
38789 3
38790 3
38791 3
38792 3
38793 3
38794 3
38795 3
38796 3
38797 3
38798 3
38799 3
38800 3
38381 3
38382 3
38383 3
38384 3
38385 3
38386 3
38387 3
38388 3
38389 3
38390 3
38391 3
38392 3
38393 3
38394 3
38395 3
38396 3
38397 3
38398 3
38399 3
38400 3
37981 3
37982 3
37983 3
37984 3
37985 3
37986 3
37987 3
37988 3
37989 3
37990 3
37991 3
37992 3
37993 3
37994 3
37995 3
37996 3
37997 3
37998 3
37999 3
38000 3
37581 3
37582 3
37583 3
37584 3
37585 3
37586 3
37587 3
37588 3
37589 3
37590 3
37591 3
37592 3
37593 3
37594 3
37595 3
37596 3
37597 3
37598 3
37599 3
37600 3
37181 3
37182 3
37183 3
37184 3
37185 3
37186 3
37187 3
37188 3
37189 3
37190 3
37191 3
37192 3
37193 3
37194 3
37195 3
37196 3
37197 3
37198 3
37199 3
37200 3
36781 3
36782 3
36783 3
36784 3
36785 3
36786 3
36787 3
36788 3
36789 3
36790 3
36791 3
36792 3
36793 3
36794 3
36795 3
36796 3
36797 3
36798 3
36799 3
36800 3
36381 3
36382 3
36383 3
36384 3
36385 3
36386 3
36387 3
36388 3
36389 3
36390 3
36391 3
36392 3
36393 3
36394 3
36395 3
36396 3
36397 3
36398 3
36399 3
36400 3
35981 3
35982 3
35983 3
35984 3
35985 3
35986 3
35987 3
35988 3
35989 3
35990 3
35991 3
35992 3
35993 3
35994 3
35995 3
35996 3
35997 3
35998 3
35999 3
36000 3
35581 3
35582 3
35583 3
35584 3
35585 3
35586 3
35587 3
35588 3
35589 3
35590 3
35591 3
35592 3
35593 3
35594 3
35595 3
35596 3
35597 3
35598 3
35599 3
35600 3
35181 3
35182 3
35183 3
35184 3
35185 3
35186 3
35187 3
35188 3
35189 3
35190 3
35191 3
35192 3
35193 3
35194 3
35195 3
35196 3
35197 3
35198 3
35199 3
35200 3
34781 3
34782 3
34783 3
34784 3
34785 3
34786 3
34787 3
34788 3
34789 3
34790 3
34791 3
34792 3
34793 3
34794 3
34795 3
34796 3
34797 3
34798 3
34799 3
34800 3
34381 3
34382 3
34383 3
34384 3
34385 3
34386 3
34387 3
34388 3
34389 3
34390 3
34391 3
34392 3
34393 3
34394 3
34395 3
34396 3
34397 3
34398 3
34399 3
34400 3
33981 3
33982 3
33983 3
33984 3
33985 3
33986 3
33987 3
33988 3
33989 3
33990 3
33991 3
33992 3
33993 3
33994 3
33995 3
33996 3
33997 3
33998 3
33999 3
34000 3
33581 3
33582 3
33583 3
33584 3
33585 3
33586 3
33587 3
33588 3
33589 3
33590 3
33591 3
33592 3
33593 3
33594 3
33595 3
33596 3
33597 3
33598 3
33599 3
33600 3
33181 3
33182 3
33183 3
33184 3
33185 3
33186 3
33187 3
33188 3
33189 3
33190 3
33191 3
33192 3
33193 3
33194 3
33195 3
33196 3
33197 3
33198 3
33199 3
33200 3
32781 3
32782 3
32783 3
32784 3
32785 3
32786 3
32787 3
32788 3
32789 3
32790 3
32791 3
32792 3
32793 3
32794 3
32795 3
32796 3
32797 3
32798 3
32799 3
32800 3
32381 3
32382 3
32383 3
32384 3
32385 3
32386 3
32387 3
32388 3
32389 3
32390 3
32391 3
32392 3
32393 3
32394 3
32395 3
32396 3
32397 3
32398 3
32399 3
32400 3
40381 3
40781 3
41181 3
41581 3
41981 3
42381 3
42781 3
43181 3
43581 3
43981 3
40382 3
40782 3
41182 3
41582 3
41982 3
42382 3
42782 3
43182 3
43582 3
43982 3
40383 3
40783 3
41183 3
41583 3
41983 3
42383 3
42783 3
43183 3
43583 3
43983 3
40384 3
40784 3
41184 3
41584 3
41984 3
42384 3
42784 3
43184 3
43584 3
43984 3
40385 3
40785 3
41185 3
41585 3
41985 3
42385 3
42785 3
43185 3
43585 3
43985 3
40386 3
40786 3
41186 3
41586 3
41986 3
42386 3
42786 3
43186 3
43586 3
43986 3
40387 3
40787 3
41187 3
41587 3
41987 3
42387 3
42787 3
43187 3
43587 3
43987 3
40388 3
40788 3
41188 3
41588 3
41988 3
42388 3
42788 3
43188 3
43588 3
43988 3
40389 3
40789 3
41189 3
41589 3
41989 3
42389 3
42789 3
43189 3
43589 3
43989 3
40390 3
40790 3
41190 3
41590 3
41990 3
42390 3
42790 3
43190 3
43590 3
43990 3
40391 3
40791 3
41191 3
41591 3
41991 3
42391 3
42791 3
43191 3
43591 3
43991 3
40392 3
40792 3
41192 3
41592 3
41992 3
42392 3
42792 3
43192 3
43592 3
43992 3
40393 3
40793 3
41193 3
41593 3
41993 3
42393 3
42793 3
43193 3
43593 3
43993 3
40394 3
40794 3
41194 3
41594 3
41994 3
42394 3
42794 3
43194 3
43594 3
43994 3
40395 3
40795 3
41195 3
41595 3
41995 3
42395 3
42795 3
43195 3
43595 3
43995 3
40396 3
40796 3
41196 3
41596 3
41996 3
42396 3
42796 3
43196 3
43596 3
43996 3
40397 3
40797 3
41197 3
41597 3
41997 3
42397 3
42797 3
43197 3
43597 3
43997 3
40398 3
40798 3
41198 3
41598 3
41998 3
42398 3
42798 3
43198 3
43598 3
43998 3
40399 3
40799 3
41199 3
41599 3
41999 3
42399 3
42799 3
43199 3
43599 3
43999 3
40400 3
40800 3
41200 3
41600 3
42000 3
42400 3
42800 3
43200 3
43600 3
44000 3
51620 1
51619 1
51618 1
51617 1
51616 1
51615 1
51614 1
51613 1
51612 1
51611 1
51610 1
51609 1
51608 1
51607 1
51606 1
51605 1
51604 1
51603 1
51602 1
51601 1
51220 1
51219 1
51218 1
51217 1
51216 1
51215 1
51214 1
51213 1
51212 1
51211 1
51210 1
51209 1
51208 1
51207 1
51206 1
51205 1
51204 1
51203 1
51202 1
51201 1
50820 1
50819 1
50818 1
50817 1
50816 1
50815 1
50814 1
50813 1
50812 1
50811 1
50810 1
50809 1
50808 1
50807 1
50806 1
50805 1
50804 1
50803 1
50802 1
50801 1
50420 1
50419 1
50418 1
50417 1
50416 1
50415 1
50414 1
50413 1
50412 1
50411 1
50410 1
50409 1
50408 1
50407 1
50406 1
50405 1
50404 1
50403 1
50402 1
50401 1
50020 1
50019 1
50018 1
50017 1
50016 1
50015 1
50014 1
50013 1
50012 1
50011 1
50010 1
50009 1
50008 1
50007 1
50006 1
50005 1
50004 1
50003 1
50002 1
50001 1
49620 1
49619 1
49618 1
49617 1
49616 1
49615 1
49614 1
49613 1
49612 1
49611 1
49610 1
49609 1
49608 1
49607 1
49606 1
49605 1
49604 1
49603 1
49602 1
49601 1
49220 1
49219 1
49218 1
49217 1
49216 1
49215 1
49214 1
49213 1
49212 1
49211 1
49210 1
49209 1
49208 1
49207 1
49206 1
49205 1
49204 1
49203 1
49202 1
49201 1
48820 1
48819 1
48818 1
48817 1
48816 1
48815 1
48814 1
48813 1
48812 1
48811 1
48810 1
48809 1
48808 1
48807 1
48806 1
48805 1
48804 1
48803 1
48802 1
48801 1
48420 1
48419 1
48418 1
48417 1
48416 1
48415 1
48414 1
48413 1
48412 1
48411 1
48410 1
48409 1
48408 1
48407 1
48406 1
48405 1
48404 1
48403 1
48402 1
48401 1
48020 1
48019 1
48018 1
48017 1
48016 1
48015 1
48014 1
48013 1
48012 1
48011 1
48010 1
48009 1
48008 1
48007 1
48006 1
48005 1
48004 1
48003 1
48002 1
48001 1
47620 1
47619 1
47618 1
47617 1
47616 1
47615 1
47614 1
47613 1
47612 1
47611 1
47610 1
47609 1
47608 1
47607 1
47606 1
47605 1
47604 1
47603 1
47602 1
47601 1
47220 1
47219 1
47218 1
47217 1
47216 1
47215 1
47214 1
47213 1
47212 1
47211 1
47210 1
47209 1
47208 1
47207 1
47206 1
47205 1
47204 1
47203 1
47202 1
47201 1
46820 1
46819 1
46818 1
46817 1
46816 1
46815 1
46814 1
46813 1
46812 1
46811 1
46810 1
46809 1
46808 1
46807 1
46806 1
46805 1
46804 1
46803 1
46802 1
46801 1
46420 1
46419 1
46418 1
46417 1
46416 1
46415 1
46414 1
46413 1
46412 1
46411 1
46410 1
46409 1
46408 1
46407 1
46406 1
46405 1
46404 1
46403 1
46402 1
46401 1
46020 1
46019 1
46018 1
46017 1
46016 1
46015 1
46014 1
46013 1
46012 1
46011 1
46010 1
46009 1
46008 1
46007 1
46006 1
46005 1
46004 1
46003 1
46002 1
46001 1
45620 1
45619 1
45618 1
45617 1
45616 1
45615 1
45614 1
45613 1
45612 1
45611 1
45610 1
45609 1
45608 1
45607 1
45606 1
45605 1
45604 1
45603 1
45602 1
45601 1
45220 1
45219 1
45218 1
45217 1
45216 1
45215 1
45214 1
45213 1
45212 1
45211 1
45210 1
45209 1
45208 1
45207 1
45206 1
45205 1
45204 1
45203 1
45202 1
45201 1
44820 1
44819 1
44818 1
44817 1
44816 1
44815 1
44814 1
44813 1
44812 1
44811 1
44810 1
44809 1
44808 1
44807 1
44806 1
44805 1
44804 1
44803 1
44802 1
44801 1
44420 1
44419 1
44418 1
44417 1
44416 1
44415 1
44414 1
44413 1
44412 1
44411 1
44410 1
44409 1
44408 1
44407 1
44406 1
44405 1
44404 1
44403 1
44402 1
44401 1
44020 1
44019 1
44018 1
44017 1
44016 1
44015 1
44014 1
44013 1
44012 1
44011 1
44010 1
44009 1
44008 1
44007 1
44006 1
44005 1
44004 1
44003 1
44002 1
44001 1
